0.999999799919952,2.0008004803363615E-07,2.0008004803363615E-07,2.0008004803363615E-07,2.0008004803363615E-07,2.0008004803363615E-07,0.9999985994396638,2.0008004803363615E-07,2.0008004803363615E-07,2.0008004803363615E-07,0.999999799919952,2.0008004803363615E-07,2.0008004803363615E-07,0.999999799919952,2.0008004803363615E-07,0.999999799919952,0.999999799919952,2.0008004803363615E-07,2.0008004803363615E-07,2.0008004803363615E-07,2.0008004803363615E-07,2.0008004803363615E-07,2.0008004803363615E-07,2.0008004803363615E-07,2.0008004803363615E-07,0.9999985994396638,2.0008004803363615E-07,2.0008004803363615E-07,2.0008004803363615E-07,2.0008004803363615E-07,2.0008004803363615E-07,2.0008004803363615E-07,2.0008004803363615E-07,0.9999985994396638,2.0008004803363615E-07,2.0008004803363615E-07,2.0008004803363615E-07,2.0008004803363615E-07,2.0008004803363615E-07,2.0008004803363615E-07,2.0008004803363615E-07,0.9999985994396638,2.0008004803363615E-07,2.0008004803363615E-07,2.0008004803363615E-07,2.0008004803363615E-07,2.0008004803363615E-07,2.0008004803363615E-07,2.0008004803363615E-07,0.9999985994396638,0.999999799919952,2.0008004803363615E-07,2.0008004803363615E-07,0.999999799919952,2.0008004803363615E-07,2.0008004803363615E-07,2.0008004803363615E-07,2.0008004803363615E-07,2.0008004803363615E-07,2.0008004803363615E-07,2.0008004803363615E-07,0.9999985994396638,2.0008004803363615E-07,2.0008004803363615E-07,2.0008004803363615E-07,2.0008004803363615E-07,2.0008004803363615E-07,2.0008004803363615E-07,2.0008004803363615E-07,0.9999985994396638,0.999999799919952,2.0008004803363615E-07,2.0008004803363615E-07,0.999999799919952,2.0008004803363615E-07,2.0008004803363615E-07,2.0008004803363615E-07,2.0008004803363615E-07,2.0008004803363615E-07,2.0008004803363615E-07,2.0008004803363615E-07,0.9999985994396638,2.0008004803363615E-07,2.0008004803363615E-07,2.0008004803363615E-07,2.0008004803363615E-07,2.0008004803363615E-07,2.0008004803363615E-07,2.0008004803363615E-07,0.9999985994396638,0.999999799919952,2.0008004803363615E-07,2.0008004803363615E-07,0.999999799919952,2.0008004803363615E-07,2.0008004803363615E-07,2.0008004803363615E-07,2.0008004803363615E-07,2.0008004803363615E-07,2.0008004803363615E-07,2.0008004803363615E-07,0.9999985994396638,2.0008004803363615E-07,2.0008004803363615E-07,2.0008004803363615E-07,2.0008004803363615E-07,2.0008004803363615E-07,2.0008004803363615E-07,2.0008004803363615E-07,0.9999985994396638,0.999999799919952,2.0008004803363615E-07,2.0008004803363615E-07,0.999999799919952,2.0008004803363615E-07,2.0008004803363615E-07,2.0008004803363615E-07,2.0008004803363615E-07,2.0008004803363615E-07,2.0008004803363615E-07,2.0008004803363615E-07,0.9999985994396638,2.0008004803363615E-07,2.0008004803363615E-07,2.0008004803363615E-07,2.0008004803363615E-07,2.0008004803363615E-07,2.0008004803363615E-07,2.0008004803363615E-07,0.9999985994396638,0.999999799919952,2.0008004803363615E-07,2.0008004803363615E-07,0.999999799919952,2.0008004803363615E-07,2.0008004803363615E-07,2.0008004803363615E-07,2.0008004803363615E-07,2.0008004803363615E-07,2.0008004803363615E-07,2.0008004803363615E-07,0.9999985994396638,2.0008004803363615E-07,2.0008004803363615E-07,2.0008004803363615E-07,2.0008004803363615E-07,2.0008004803363615E-07,2.0008004803363615E-07,2.0008004803363615E-07,0.9999985994396638,0.999999799919952,2.0008004803363615E-07,2.0008004803363615E-07,0.999999799919952,2.0008004803363615E-07,2.0008004803363615E-07,2.0008004803363615E-07,2.0008004803363615E-07,2.0008004803363615E-07,2.0008004803363615E-07,2.0008004803363615E-07,0.9999985994396638,2.0008004803363615E-07,2.0008004803363615E-07,2.0008004803363615E-07,2.0008004803363615E-07,2.0008004803363615E-07,2.0008004803363615E-07,2.0008004803363615E-07,0.9999985994396638,0.999999799919952,2.0008004803363615E-07,2.0008004803363615E-07,0.999999799919952,2.0008004803363615E-07,2.0008004803363615E-07,2.0008004803363615E-07,2.0008004803363615E-07,2.0008004803363615E-07,2.0008004803363615E-07,2.0008004803363615E-07,0.9999985994396638,2.0008004803363615E-07,2.0008004803363615E-07,2.0008004803363615E-07,2.0008004803363615E-07,2.0008004803363615E-07,2.0008004803363615E-07,2.0008004803363615E-07,0.9999985994396638,0.999999799919952,2.0008004803363615E-07,2.0008004803363615E-07,0.999999799919952,0.999999799919952,2.0008004803363615E-07,2.0008004803363615E-07,0.999999799919952,2.0008004803363615E-07,2.0008004803363615E-07,2.0008004803363615E-07,0.9999985994396638,2.0008004803363615E-07,2.0008004803363615E-07,2.0008004803363615E-07,2.0008004803363615E-07,2.0008004803363615E-07,2.0008004803363615E-07,2.0008004803363615E-07,0.9999985994396638,2.0008004803363615E-07,2.0008004803363615E-07,2.0008004803363615E-07,2.0008004803363615E-07,0.9999985994396638,2.0008004803363615E-07,2.0008004803363615E-07,2.0008004803363615E-07,2.0008004803363615E-07,2.0008004803363615E-07,2.0008004803363615E-07,2.0008004803363615E-07,0.9999985994396638,2.0008004803363615E-07,2.0008004803363615E-07,2.0008004803363615E-07,2.0008004803363615E-07,2.0008004803363615E-07,2.0008004803363615E-07,2.0008004803363615E-07,0.999999799919952,2.0008004803363615E-07,0.999999799919952,2.0008004803363615E-07,2.0008004803363615E-07,2.0008004803363615E-07,2.0008004803363615E-07,0.9999985994396638,2.0008004803363615E-07,2.0008004803363615E-07,2.0008004803363615E-07,2.0008004803363615E-07,0.9999985994396638,2.0008004803363615E-07,2.0008004803363615E-07,2.0008004803363615E-07,2.0008004803363615E-07,2.0008004803363615E-07,2.0008004803363615E-07,2.0008004803363615E-07,0.999999799919952,2.0008004803363615E-07,0.999999799919952,2.0008004803363615E-07,2.0008004803363615E-07,2.0008004803363615E-07,2.0008004803363615E-07,0.9999985994396638,2.0008004803363615E-07,2.0008004803363615E-07,2.0008004803363615E-07,2.0008004803363615E-07,0.9999985994396638,2.0008004803363615E-07,2.0008004803363615E-07,2.0008004803363615E-07,2.0008004803363615E-07,2.0008004803363615E-07,2.0008004803363615E-07,2.0008004803363615E-07,0.999999799919952,2.0008004803363615E-07,2.0008004803363615E-07,0.999999799919952,2.0008004803363615E-07,2.0008004803363615E-07,2.0008004803363615E-07,0.9999985994396638,2.0008004803363615E-07,2.0008004803363615E-07,2.0008004803363615E-07,2.0008004803363615E-07,2.0008004803363615E-07,2.0008004803363615E-07,2.0008004803363615E-07,2.0008004803363615E-07,2.0008004803363615E-07,2.0008004803363615E-07,2.0008004803363615E-07,0.9999985994396638,0.999999799919952,2.0008004803363615E-07,2.0008004803363615E-07,0.999999799919952,2.0008004803363615E-07,2.0008004803363615E-07,2.0008004803363615E-07,2.0008004803363615E-07,2.0008004803363615E-07,2.0008004803363615E-07,2.0008004803363615E-07,0.9999985994396638,2.0008004803363615E-07,2.0008004803363615E-07,2.0008004803363615E-07,2.0008004803363615E-07,2.0008004803363615E-07,2.0008004803363615E-07,2.0008004803363615E-07,0.9999985994396638,0.999999799919952,2.0008004803363615E-07,2.0008004803363615E-07,0.999999799919952,2.0008004803363615E-07,2.0008004803363615E-07,2.0008004803363615E-07,2.0008004803363615E-07,2.0008004803363615E-07,2.0008004803363615E-07,2.0008004803363615E-07,0.9999985994396638,2.0008004803363615E-07,2.0008004803363615E-07,2.0008004803363615E-07,2.0008004803363615E-07,2.0008004803363615E-07,2.0008004803363615E-07,2.0008004803363615E-07,0.9999985994396638,0.999999799919952,2.0008004803363615E-07,2.0008004803363615E-07,0.999999799919952,2.0008004803363615E-07,2.0008004803363615E-07,2.0008004803363615E-07,2.0008004803363615E-07,2.0008004803363615E-07,2.0008004803363615E-07,2.0008004803363615E-07,0.9999985994396638,2.0008004803363615E-07,2.0008004803363615E-07,2.0008004803363615E-07,2.0008004803363615E-07,2.0008004803363615E-07,2.0008004803363615E-07,2.0008004803363615E-07,0.9999985994396638,0.999999799919952,2.0008004803363615E-07,2.0008004803363615E-07,0.999999799919952,2.0008004803363615E-07,2.0008004803363615E-07,2.0008004803363615E-07,2.0008004803363615E-07,2.0008004803363615E-07,2.0008004803363615E-07,2.0008004803363615E-07,0.9999985994396638,2.0008004803363615E-07,2.0008004803363615E-07,2.0008004803363615E-07,2.0008004803363615E-07,2.0008004803363615E-07,2.0008004803363615E-07,2.0008004803363615E-07,0.9999985994396638,2.0008004803363615E-07,0.999999799919952,0.999999799919952,2.0008004803363615E-07,0.999999799919952,2.0008004803363615E-07,2.0008004803363615E-07,0.999999799919952,0.9999985994396638,2.0008004803363615E-07,2.0008004803363615E-07,2.0008004803363615E-07,2.0008004803363615E-07,2.0008004803363615E-07,2.0008004803363615E-07,2.0008004803363615E-07,0.9999985994396638,2.0008004803363615E-07,2.0008004803363615E-07,2.0008004803363615E-07,2.0008004803363615E-07,2.0008004803363615E-07,2.0008004803363615E-07,2.0008004803363615E-07,0.9999985994396638,2.0008004803363615E-07,2.0008004803363615E-07,2.0008004803363615E-07,2.0008004803363615E-07,2.0008004803363615E-07,2.0008004803363615E-07,2.0008004803363615E-07,0.9999985994396638,2.0008004803363615E-07,2.0008004803363615E-07,2.0008004803363615E-07,2.0008004803363615E-07,2.0008004803363615E-07,2.0008004803363615E-07,2.0008004803363615E-07,2.0008004803363615E-07,0.999999799919952,0.999999799919952,2.0008004803363615E-07,0.9999985994396638,2.0008004803363615E-07,2.0008004803363615E-07,2.0008004803363615E-07,2.0008004803363615E-07,2.0008004803363615E-07,2.0008004803363615E-07,2.0008004803363615E-07,0.9999985994396638,2.0008004803363615E-07,2.0008004803363615E-07,2.0008004803363615E-07,2.0008004803363615E-07,2.0008004803363615E-07,2.0008004803363615E-07,2.0008004803363615E-07,2.0008004803363615E-07,0.999999799919952,0.999999799919952,2.0008004803363615E-07,0.9999985994396638,2.0008004803363615E-07,2.0008004803363615E-07,2.0008004803363615E-07,2.0008004803363615E-07,2.0008004803363615E-07,2.0008004803363615E-07,2.0008004803363615E-07,0.9999985994396638,2.0008004803363615E-07,2.0008004803363615E-07,2.0008004803363615E-07,2.0008004803363615E-07,2.0008004803363615E-07,2.0008004803363615E-07,2.0008004803363615E-07,2.0008004803363615E-07,0.999999799919952,0.999999799919952,2.0008004803363615E-07,0.9999985994396638,2.0008004803363615E-07,2.0008004803363615E-07,2.0008004803363615E-07,2.0008004803363615E-07,2.0008004803363615E-07,2.0008004803363615E-07,2.0008004803363615E-07,0.9999985994396638,2.0008004803363615E-07,2.0008004803363615E-07,2.0008004803363615E-07,2.0008004803363615E-07,2.0008004803363615E-07,2.0008004803363615E-07,2.0008004803363615E-07,0.999999799919952,2.0008004803363615E-07,0.999999799919952,2.0008004803363615E-07,0.9999985994396638,2.0008004803363615E-07,2.0008004803363615E-07,2.0008004803363615E-07,2.0008004803363615E-07,2.0008004803363615E-07,2.0008004803363615E-07,2.0008004803363615E-07,0.9999985994396638,2.0008004803363615E-07,2.0008004803363615E-07,2.0008004803363615E-07,2.0008004803363615E-07,2.0008004803363615E-07,2.0008004803363615E-07,2.0008004803363615E-07,0.999999799919952,2.0008004803363615E-07,2.0008004803363615E-07,0.999999799919952,0.9999985994396638,2.0008004803363615E-07,2.0008004803363615E-07,2.0008004803363615E-07,2.0008004803363615E-07,2.0008004803363615E-07,2.0008004803363615E-07,2.0008004803363615E-07,0.9999985994396638,2.0008004803363615E-07,2.0008004803363615E-07,2.0008004803363615E-07,2.0008004803363615E-07,2.0008004803363615E-07,2.0008004803363615E-07,2.0008004803363615E-07,0.999999799919952,2.0008004803363615E-07,0.3137668063907896,0.6862331936092104,0.11053509533950975,0.1277999827517896,0.1301767830372297,0.13121768670869868,0.13026165074147691,0.12449060547869921,0.12338001823611511,0.1221381777064812,0.9999985994396638,2.0008004803363615E-07,2.0008004803363615E-07,2.0008004803363615E-07,2.0008004803363615E-07,2.0008004803363615E-07,2.0008004803363615E-07,2.0008004803363615E-07,0.999999799919952,2.0008004803363615E-07,2.0008004803363615E-07,0.999999799919952,2.0008004803363615E-07,0.1427112819257926,0.14938927648093497,0.1531740749498437,0.15189221908670414,0.13543600742164946,0.1343113979316902,0.13308554212333695,2.0008004803363615E-07,0.10015291309479829,0.11528649596964222,0.13281872696199543,0.14876752632392964,0.16940317556476486,0.16776604337954124,0.16580491862528038,0.999999799919952,2.0008004803363615E-07,2.0008004803363615E-07,0.999999799919952,2.0008004803363615E-07,0.999999799919952,2.0008004803363615E-07,0.999999799919952,0.9999985994396638,2.0008004803363615E-07,2.0008004803363615E-07,2.0008004803363615E-07,2.0008004803363615E-07,2.0008004803363615E-07,2.0008004803363615E-07,2.0008004803363615E-07,0.9999985994396638,2.0008004803363615E-07,2.0008004803363615E-07,2.0008004803363615E-07,2.0008004803363615E-07,2.0008004803363615E-07,2.0008004803363615E-07,2.0008004803363615E-07,0.9999985994396638,2.0008004803363615E-07,2.0008004803363615E-07,2.0008004803363615E-07,2.0008004803363615E-07,2.0008004803363615E-07,2.0008004803363615E-07,2.0008004803363615E-07,0.9999985994396638,2.0008004803363615E-07,2.0008004803363615E-07,2.0008004803363615E-07,2.0008004803363615E-07,2.0008004803363615E-07,2.0008004803363615E-07,2.0008004803363615E-07,0.999999799919952,2.0008004803363615E-07,2.0008004803363615E-07,0.999999799919952,0.9999985994396638,2.0008004803363615E-07,2.0008004803363615E-07,2.0008004803363615E-07,2.0008004803363615E-07,2.0008004803363615E-07,2.0008004803363615E-07,2.0008004803363615E-07,0.9999985994396638,2.0008004803363615E-07,2.0008004803363615E-07,2.0008004803363615E-07,2.0008004803363615E-07,2.0008004803363615E-07,2.0008004803363615E-07,2.0008004803363615E-07,0.999999799919952,2.0008004803363615E-07,2.0008004803363615E-07,0.999999799919952,0.9999985994396638,2.0008004803363615E-07,2.0008004803363615E-07,2.0008004803363615E-07,2.0008004803363615E-07,2.0008004803363615E-07,2.0008004803363615E-07,2.0008004803363615E-07,0.9999985994396638,2.0008004803363615E-07,2.0008004803363615E-07,2.0008004803363615E-07,2.0008004803363615E-07,2.0008004803363615E-07,2.0008004803363615E-07,2.0008004803363615E-07,0.999999799919952,2.0008004803363615E-07,2.0008004803363615E-07,0.999999799919952,0.9999985994396638,2.0008004803363615E-07,2.0008004803363615E-07,2.0008004803363615E-07,2.0008004803363615E-07,2.0008004803363615E-07,2.0008004803363615E-07,2.0008004803363615E-07,0.9999985994396638,2.0008004803363615E-07,2.0008004803363615E-07,2.0008004803363615E-07,2.0008004803363615E-07,2.0008004803363615E-07,2.0008004803363615E-07,2.0008004803363615E-07,0.999999799919952,2.0008004803363615E-07,0.999999799919952,2.0008004803363615E-07,2.0008004803363615E-07,2.0008004803363615E-07,2.0008004803363615E-07,0.48544548851293334,0.5145533110067785,2.0008004803363615E-07,2.0008004803363615E-07,2.0008004803363615E-07,0.9999985994396638,2.0008004803363615E-07,2.0008004803363615E-07,2.0008004803363615E-07,2.0008004803363615E-07,2.0008004803363615E-07,2.0008004803363615E-07,2.0008004803363615E-07,0.999999799919952,2.0008004803363615E-07,0.999999799919952,2.0008004803363615E-07,2.0008004803363615E-07,2.0008004803363615E-07,2.0008004803363615E-07,2.0008004803363615E-07,0.3874649941841987,0.6125338053355132,2.0008004803363615E-07,2.0008004803363615E-07,0.9999985994396638,2.0008004803363615E-07,2.0008004803363615E-07,2.0008004803363615E-07,2.0008004803363615E-07,2.0008004803363615E-07,2.0008004803363615E-07,2.0008004803363615E-07,0.999999799919952,2.0008004803363615E-07,0.999999799919952,2.0008004803363615E-07,2.0008004803363615E-07,2.0008004803363615E-07,2.0008004803363615E-07,2.0008004803363615E-07,2.0008004803363615E-07,0.9999985994396638,2.0008004803363615E-07,2.0008004803363615E-07,0.9999985994396638,2.0008004803363615E-07,2.0008004803363615E-07,2.0008004803363615E-07,2.0008004803363615E-07,2.0008004803363615E-07,2.0008004803363615E-07,2.0008004803363615E-07,0.999999799919952,2.0008004803363615E-07,0.999999799919952,2.0008004803363615E-07,2.0008004803363615E-07,2.0008004803363615E-07,2.0008004803363615E-07,2.0008004803363615E-07,2.0008004803363615E-07,0.9999985994396638,2.0008004803363615E-07,2.0008004803363615E-07,0.9999985994396638,2.0008004803363615E-07,2.0008004803363615E-07,2.0008004803363615E-07,2.0008004803363615E-07,2.0008004803363615E-07,2.0008004803363615E-07,2.0008004803363615E-07,2.0008004803363615E-07,0.999999799919952,0.999999799919952,2.0008004803363615E-07,0.999999799919952,2.0008004803363615E-07,2.0008004803363615E-07,0.999999799919952,0.9999985994396638,2.0008004803363615E-07,2.0008004803363615E-07,2.0008004803363615E-07,2.0008004803363615E-07,2.0008004803363615E-07,2.0008004803363615E-07,2.0008004803363615E-07,0.9999985994396638,2.0008004803363615E-07,2.0008004803363615E-07,2.0008004803363615E-07,2.0008004803363615E-07,2.0008004803363615E-07,2.0008004803363615E-07,2.0008004803363615E-07,0.9999985994396638,2.0008004803363615E-07,2.0008004803363615E-07,2.0008004803363615E-07,2.0008004803363615E-07,2.0008004803363615E-07,2.0008004803363615E-07,2.0008004803363615E-07,0.9999985994396638,2.0008004803363615E-07,2.0008004803363615E-07,2.0008004803363615E-07,2.0008004803363615E-07,2.0008004803363615E-07,2.0008004803363615E-07,2.0008004803363615E-07,2.0008004803363615E-07,0.999999799919952,0.999999799919952,2.0008004803363615E-07,0.9999985994396638,2.0008004803363615E-07,2.0008004803363615E-07,2.0008004803363615E-07,2.0008004803363615E-07,2.0008004803363615E-07,2.0008004803363615E-07,2.0008004803363615E-07,0.9999985994396638,2.0008004803363615E-07,2.0008004803363615E-07,2.0008004803363615E-07,2.0008004803363615E-07,2.0008004803363615E-07,2.0008004803363615E-07,2.0008004803363615E-07,2.0008004803363615E-07,0.999999799919952,0.999999799919952,2.0008004803363615E-07,0.9999985994396638,2.0008004803363615E-07,2.0008004803363615E-07,2.0008004803363615E-07,2.0008004803363615E-07,2.0008004803363615E-07,2.0008004803363615E-07,2.0008004803363615E-07,0.9999985994396638,2.0008004803363615E-07,2.0008004803363615E-07,2.0008004803363615E-07,2.0008004803363615E-07,2.0008004803363615E-07,2.0008004803363615E-07,2.0008004803363615E-07,2.0008004803363615E-07,0.999999799919952,0.999999799919952,2.0008004803363615E-07,0.9999985994396638,2.0008004803363615E-07,2.0008004803363615E-07,2.0008004803363615E-07,2.0008004803363615E-07,2.0008004803363615E-07,2.0008004803363615E-07,2.0008004803363615E-07,0.9999985994396638,2.0008004803363615E-07,2.0008004803363615E-07,2.0008004803363615E-07,2.0008004803363615E-07,2.0008004803363615E-07,2.0008004803363615E-07,2.0008004803363615E-07,2.0008004803363615E-07,0.999999799919952,0.999999799919952,2.0008004803363615E-07,0.9999985994396638,2.0008004803363615E-07,2.0008004803363615E-07,2.0008004803363615E-07,2.0008004803363615E-07,2.0008004803363615E-07,2.0008004803363615E-07,2.0008004803363615E-07,0.9999985994396638,2.0008004803363615E-07,2.0008004803363615E-07,2.0008004803363615E-07,2.0008004803363615E-07,2.0008004803363615E-07,2.0008004803363615E-07,2.0008004803363615E-07,2.0008004803363615E-07,0.999999799919952,0.999999799919952,2.0008004803363615E-07,0.9999985994396638,2.0008004803363615E-07,2.0008004803363615E-07,2.0008004803363615E-07,2.0008004803363615E-07,2.0008004803363615E-07,2.0008004803363615E-07,2.0008004803363615E-07,0.9999985994396638,2.0008004803363615E-07,2.0008004803363615E-07,2.0008004803363615E-07,2.0008004803363615E-07,2.0008004803363615E-07,2.0008004803363615E-07,2.0008004803363615E-07,2.0008004803363615E-07,0.999999799919952,0.999999799919952,2.0008004803363615E-07,0.9999985994396638,2.0008004803363615E-07,2.0008004803363615E-07,2.0008004803363615E-07,2.0008004803363615E-07,2.0008004803363615E-07,2.0008004803363615E-07,2.0008004803363615E-07,0.9999985994396638,2.0008004803363615E-07,2.0008004803363615E-07,2.0008004803363615E-07,2.0008004803363615E-07,2.0008004803363615E-07,2.0008004803363615E-07,2.0008004803363615E-07,2.0008004803363615E-07,0.999999799919952,0.999999799919952,2.0008004803363615E-07,0.9999985994396638,2.0008004803363615E-07,2.0008004803363615E-07,2.0008004803363615E-07,2.0008004803363615E-07,2.0008004803363615E-07,2.0008004803363615E-07,2.0008004803363615E-07,0.9999985994396638,2.0008004803363615E-07,2.0008004803363615E-07,2.0008004803363615E-07,2.0008004803363615E-07,2.0008004803363615E-07,2.0008004803363615E-07,2.0008004803363615E-07,2.0008004803363615E-07,0.999999799919952,0.999999799919952,2.0008004803363615E-07,0.999999799919952,2.0008004803363615E-07,2.0008004803363615E-07,0.999999799919952,0.9999985994396638,2.0008004803363615E-07,2.0008004803363615E-07,2.0008004803363615E-07,2.0008004803363615E-07,2.0008004803363615E-07,2.0008004803363615E-07,2.0008004803363615E-07,0.9999985994396638,2.0008004803363615E-07,2.0008004803363615E-07,2.0008004803363615E-07,2.0008004803363615E-07,2.0008004803363615E-07,2.0008004803363615E-07,2.0008004803363615E-07,0.9999985994396638,2.0008004803363615E-07,2.0008004803363615E-07,2.0008004803363615E-07,2.0008004803363615E-07,2.0008004803363615E-07,2.0008004803363615E-07,2.0008004803363615E-07,0.9999985994396638,2.0008004803363615E-07,2.0008004803363615E-07,2.0008004803363615E-07,2.0008004803363615E-07,2.0008004803363615E-07,2.0008004803363615E-07,2.0008004803363615E-07,2.0008004803363615E-07,0.999999799919952,0.999999799919952,2.0008004803363615E-07,0.9999985994396638,2.0008004803363615E-07,2.0008004803363615E-07,2.0008004803363615E-07,2.0008004803363615E-07,2.0008004803363615E-07,2.0008004803363615E-07,2.0008004803363615E-07,0.9999985994396638,2.0008004803363615E-07,2.0008004803363615E-07,2.0008004803363615E-07,2.0008004803363615E-07,2.0008004803363615E-07,2.0008004803363615E-07,2.0008004803363615E-07,2.0008004803363615E-07,0.999999799919952,0.999999799919952,2.0008004803363615E-07,0.9999985994396638,2.0008004803363615E-07,2.0008004803363615E-07,2.0008004803363615E-07,2.0008004803363615E-07,2.0008004803363615E-07,2.0008004803363615E-07,2.0008004803363615E-07,0.9999985994396638,2.0008004803363615E-07,2.0008004803363615E-07,2.0008004803363615E-07,2.0008004803363615E-07,2.0008004803363615E-07,2.0008004803363615E-07,2.0008004803363615E-07,2.0008004803363615E-07,0.999999799919952,0.999999799919952,2.0008004803363615E-07,0.9999985994396638,2.0008004803363615E-07,2.0008004803363615E-07,2.0008004803363615E-07,2.0008004803363615E-07,2.0008004803363615E-07,2.0008004803363615E-07,2.0008004803363615E-07,0.9999985994396638,2.0008004803363615E-07,2.0008004803363615E-07,2.0008004803363615E-07,2.0008004803363615E-07,2.0008004803363615E-07,2.0008004803363615E-07,2.0008004803363615E-07,2.0008004803363615E-07,0.999999799919952,0.999999799919952,2.0008004803363615E-07,0.9999985994396638,2.0008004803363615E-07,2.0008004803363615E-07,2.0008004803363615E-07,2.0008004803363615E-07,2.0008004803363615E-07,2.0008004803363615E-07,2.0008004803363615E-07,0.9999985994396638,2.0008004803363615E-07,2.0008004803363615E-07,2.0008004803363615E-07,2.0008004803363615E-07,2.0008004803363615E-07,2.0008004803363615E-07,2.0008004803363615E-07,2.0008004803363615E-07,0.999999799919952,0.999999799919952,2.0008004803363615E-07,0.9999985994396638,2.0008004803363615E-07,2.0008004803363615E-07,2.0008004803363615E-07,2.0008004803363615E-07,2.0008004803363615E-07,2.0008004803363615E-07,2.0008004803363615E-07,0.9999985994396638,2.0008004803363615E-07,2.0008004803363615E-07,2.0008004803363615E-07,2.0008004803363615E-07,2.0008004803363615E-07,2.0008004803363615E-07,2.0008004803363615E-07,2.0008004803363615E-07,0.999999799919952,0.999999799919952,2.0008004803363615E-07,0.9999985994396638,2.0008004803363615E-07,2.0008004803363615E-07,2.0008004803363615E-07,2.0008004803363615E-07,2.0008004803363615E-07,2.0008004803363615E-07,2.0008004803363615E-07,0.9999985994396638,2.0008004803363615E-07,2.0008004803363615E-07,2.0008004803363615E-07,2.0008004803363615E-07,2.0008004803363615E-07,2.0008004803363615E-07,2.0008004803363615E-07,2.0008004803363615E-07,0.999999799919952,0.999999799919952,2.0008004803363615E-07,0.9999985994396638,2.0008004803363615E-07,2.0008004803363615E-07,2.0008004803363615E-07,2.0008004803363615E-07,2.0008004803363615E-07,2.0008004803363615E-07,2.0008004803363615E-07,0.9999985994396638,2.0008004803363615E-07,2.0008004803363615E-07,2.0008004803363615E-07,2.0008004803363615E-07,2.0008004803363615E-07,2.0008004803363615E-07,2.0008004803363615E-07,2.0008004803363615E-07,0.999999799919952,0.999999799919952,2.0008004803363615E-07,0.999999799919952,2.0008004803363615E-07,2.0008004803363615E-07,0.999999799919952,0.9999985994396638,2.0008004803363615E-07,2.0008004803363615E-07,2.0008004803363615E-07,2.0008004803363615E-07,2.0008004803363615E-07,2.0008004803363615E-07,2.0008004803363615E-07,0.9999985994396638,2.0008004803363615E-07,2.0008004803363615E-07,2.0008004803363615E-07,2.0008004803363615E-07,2.0008004803363615E-07,2.0008004803363615E-07,2.0008004803363615E-07,0.9999985994396638,2.0008004803363615E-07,2.0008004803363615E-07,2.0008004803363615E-07,2.0008004803363615E-07,2.0008004803363615E-07,2.0008004803363615E-07,2.0008004803363615E-07,0.9999985994396638,2.0008004803363615E-07,2.0008004803363615E-07,2.0008004803363615E-07,2.0008004803363615E-07,2.0008004803363615E-07,2.0008004803363615E-07,2.0008004803363615E-07,2.0008004803363615E-07,0.999999799919952,0.999999799919952,2.0008004803363615E-07,0.9999985994396638,2.0008004803363615E-07,2.0008004803363615E-07,2.0008004803363615E-07,2.0008004803363615E-07,2.0008004803363615E-07,2.0008004803363615E-07,2.0008004803363615E-07,0.9999985994396638,2.0008004803363615E-07,2.0008004803363615E-07,2.0008004803363615E-07,2.0008004803363615E-07,2.0008004803363615E-07,2.0008004803363615E-07,2.0008004803363615E-07,2.0008004803363615E-07,0.999999799919952,0.999999799919952,2.0008004803363615E-07,0.9999985994396638,2.0008004803363615E-07,2.0008004803363615E-07,2.0008004803363615E-07,2.0008004803363615E-07,2.0008004803363615E-07,2.0008004803363615E-07,2.0008004803363615E-07,0.9999985994396638,2.0008004803363615E-07,2.0008004803363615E-07,2.0008004803363615E-07,2.0008004803363615E-07,2.0008004803363615E-07,2.0008004803363615E-07,2.0008004803363615E-07,2.0008004803363615E-07,0.999999799919952,0.999999799919952,2.0008004803363615E-07,0.9999985994396638,2.0008004803363615E-07,2.0008004803363615E-07,2.0008004803363615E-07,2.0008004803363615E-07,2.0008004803363615E-07,2.0008004803363615E-07,2.0008004803363615E-07,0.9999985994396638,2.0008004803363615E-07,2.0008004803363615E-07,2.0008004803363615E-07,2.0008004803363615E-07,2.0008004803363615E-07,2.0008004803363615E-07,2.0008004803363615E-07,2.0008004803363615E-07,0.999999799919952,0.999999799919952,2.0008004803363615E-07,0.9999985994396638,2.0008004803363615E-07,2.0008004803363615E-07,2.0008004803363615E-07,2.0008004803363615E-07,2.0008004803363615E-07,2.0008004803363615E-07,2.0008004803363615E-07,0.9999985994396638,2.0008004803363615E-07,2.0008004803363615E-07,2.0008004803363615E-07,2.0008004803363615E-07,2.0008004803363615E-07,2.0008004803363615E-07,2.0008004803363615E-07,2.0008004803363615E-07,0.999999799919952,0.999999799919952,2.0008004803363615E-07,0.9999985994396638,2.0008004803363615E-07,2.0008004803363615E-07,2.0008004803363615E-07,2.0008004803363615E-07,2.0008004803363615E-07,2.0008004803363615E-07,2.0008004803363615E-07,0.9999985994396638,2.0008004803363615E-07,2.0008004803363615E-07,2.0008004803363615E-07,2.0008004803363615E-07,2.0008004803363615E-07,2.0008004803363615E-07,2.0008004803363615E-07,2.0008004803363615E-07,0.999999799919952,0.999999799919952,2.0008004803363615E-07,0.9999985994396638,2.0008004803363615E-07,2.0008004803363615E-07,2.0008004803363615E-07,2.0008004803363615E-07,2.0008004803363615E-07,2.0008004803363615E-07,2.0008004803363615E-07,0.9999985994396638,2.0008004803363615E-07,2.0008004803363615E-07,2.0008004803363615E-07,2.0008004803363615E-07,2.0008004803363615E-07,2.0008004803363615E-07,2.0008004803363615E-07,2.0008004803363615E-07,0.999999799919952,0.999999799919952,2.0008004803363615E-07,0.9999985994396638,2.0008004803363615E-07,2.0008004803363615E-07,2.0008004803363615E-07,2.0008004803363615E-07,2.0008004803363615E-07,2.0008004803363615E-07,2.0008004803363615E-07,0.9999985994396638,2.0008004803363615E-07,2.0008004803363615E-07,2.0008004803363615E-07,2.0008004803363615E-07,2.0008004803363615E-07,2.0008004803363615E-07,2.0008004803363615E-07,2.0008004803363615E-07,0.999999799919952,0.999999799919952,2.0008004803363615E-07,0.999999799919952,2.0008004803363615E-07,2.0008004803363615E-07,0.999999799919952,0.9999985994396638,2.0008004803363615E-07,2.0008004803363615E-07,2.0008004803363615E-07,2.0008004803363615E-07,2.0008004803363615E-07,2.0008004803363615E-07,2.0008004803363615E-07,0.9999985994396638,2.0008004803363615E-07,2.0008004803363615E-07,2.0008004803363615E-07,2.0008004803363615E-07,2.0008004803363615E-07,2.0008004803363615E-07,2.0008004803363615E-07,0.9999985994396638,2.0008004803363615E-07,2.0008004803363615E-07,2.0008004803363615E-07,2.0008004803363615E-07,2.0008004803363615E-07,2.0008004803363615E-07,2.0008004803363615E-07,0.9999985994396638,2.0008004803363615E-07,2.0008004803363615E-07,2.0008004803363615E-07,2.0008004803363615E-07,2.0008004803363615E-07,2.0008004803363615E-07,2.0008004803363615E-07,2.0008004803363615E-07,0.999999799919952,0.999999799919952,2.0008004803363615E-07,0.9999985994396638,2.0008004803363615E-07,2.0008004803363615E-07,2.0008004803363615E-07,2.0008004803363615E-07,2.0008004803363615E-07,2.0008004803363615E-07,2.0008004803363615E-07,0.9999985994396638,2.0008004803363615E-07,2.0008004803363615E-07,2.0008004803363615E-07,2.0008004803363615E-07,2.0008004803363615E-07,2.0008004803363615E-07,2.0008004803363615E-07,2.0008004803363615E-07,0.999999799919952,0.999999799919952,2.0008004803363615E-07,0.9999985994396638,2.0008004803363615E-07,2.0008004803363615E-07,2.0008004803363615E-07,2.0008004803363615E-07,2.0008004803363615E-07,2.0008004803363615E-07,2.0008004803363615E-07,0.9999985994396638,2.0008004803363615E-07,2.0008004803363615E-07,2.0008004803363615E-07,2.0008004803363615E-07,2.0008004803363615E-07,2.0008004803363615E-07,2.0008004803363615E-07,2.0008004803363615E-07,0.999999799919952,0.999999799919952,2.0008004803363615E-07,0.9999985994396638,2.0008004803363615E-07,2.0008004803363615E-07,2.0008004803363615E-07,2.0008004803363615E-07,2.0008004803363615E-07,2.0008004803363615E-07,2.0008004803363615E-07,0.9999985994396638,2.0008004803363615E-07,2.0008004803363615E-07,2.0008004803363615E-07,2.0008004803363615E-07,2.0008004803363615E-07,2.0008004803363615E-07,2.0008004803363615E-07,2.0008004803363615E-07,0.999999799919952,0.999999799919952,2.0008004803363615E-07,0.9999985994396638,2.0008004803363615E-07,2.0008004803363615E-07,2.0008004803363615E-07,2.0008004803363615E-07,2.0008004803363615E-07,2.0008004803363615E-07,2.0008004803363615E-07,0.9999985994396638,2.0008004803363615E-07,2.0008004803363615E-07,2.0008004803363615E-07,2.0008004803363615E-07,2.0008004803363615E-07,2.0008004803363615E-07,2.0008004803363615E-07,2.0008004803363615E-07,0.999999799919952,0.999999799919952,2.0008004803363615E-07,0.9999985994396638,2.0008004803363615E-07,2.0008004803363615E-07,2.0008004803363615E-07,2.0008004803363615E-07,2.0008004803363615E-07,2.0008004803363615E-07,2.0008004803363615E-07,0.9999985994396638,2.0008004803363615E-07,2.0008004803363615E-07,2.0008004803363615E-07,2.0008004803363615E-07,2.0008004803363615E-07,2.0008004803363615E-07,2.0008004803363615E-07,2.0008004803363615E-07,0.999999799919952,0.999999799919952,2.0008004803363615E-07,0.9999985994396638,2.0008004803363615E-07,2.0008004803363615E-07,2.0008004803363615E-07,2.0008004803363615E-07,2.0008004803363615E-07,2.0008004803363615E-07,2.0008004803363615E-07,0.9999985994396638,2.0008004803363615E-07,2.0008004803363615E-07,2.0008004803363615E-07,2.0008004803363615E-07,2.0008004803363615E-07,2.0008004803363615E-07,2.0008004803363615E-07,2.0008004803363615E-07,0.999999799919952,0.999999799919952,2.0008004803363615E-07,0.9999985994396638,2.0008004803363615E-07,2.0008004803363615E-07,2.0008004803363615E-07,2.0008004803363615E-07,2.0008004803363615E-07,2.0008004803363615E-07,2.0008004803363615E-07,0.9999985994396638,2.0008004803363615E-07,2.0008004803363615E-07,2.0008004803363615E-07,2.0008004803363615E-07,2.0008004803363615E-07,2.0008004803363615E-07,2.0008004803363615E-07,0.999999799919952,2.0008004803363615E-07,2.0008004803363615E-07,2.0008004803363615E-07,2.0008004803363615E-07,2.0008004803363615E-07,0.9999985994396638,2.0008004803363615E-07,2.0008004803363615E-07,2.0008004803363615E-07,2.0008004803363615E-07,0.999999799919952,0.999999799919952,2.0008004803363615E-07,2.0008004803363615E-07,2.0008004803363615E-07,2.0008004803363615E-07,2.0008004803363615E-07,2.0008004803363615E-07,2.0008004803363615E-07,2.0008004803363615E-07,0.9999985994396638,2.0008004803363615E-07,2.0008004803363615E-07,2.0008004803363615E-07,2.0008004803363615E-07,2.0008004803363615E-07,2.0008004803363615E-07,2.0008004803363615E-07,0.9999985994396638,2.0008004803363615E-07,0.999999799919952,2.0008004803363615E-07,0.999999799919952,2.0008004803363615E-07,2.0008004803363615E-07,2.0008004803363615E-07,0.9999985994396638,2.0008004803363615E-07,2.0008004803363615E-07,2.0008004803363615E-07,2.0008004803363615E-07,0.9999985994396638,2.0008004803363615E-07,2.0008004803363615E-07,2.0008004803363615E-07,2.0008004803363615E-07,2.0008004803363615E-07,2.0008004803363615E-07,2.0008004803363615E-07,0.999999799919952,2.0008004803363615E-07,2.0008004803363615E-07,0.999999799919952,0.9999985994396638,2.0008004803363615E-07,2.0008004803363615E-07,2.0008004803363615E-07,2.0008004803363615E-07,2.0008004803363615E-07,2.0008004803363615E-07,2.0008004803363615E-07,0.9999985994396638,2.0008004803363615E-07,2.0008004803363615E-07,2.0008004803363615E-07,2.0008004803363615E-07,2.0008004803363615E-07,2.0008004803363615E-07,2.0008004803363615E-07,2.0008004803363615E-07,0.999999799919952,2.0008004803363615E-07,0.999999799919952,0.9999985994396638,2.0008004803363615E-07,2.0008004803363615E-07,2.0008004803363615E-07,2.0008004803363615E-07,2.0008004803363615E-07,2.0008004803363615E-07,2.0008004803363615E-07,0.9999985994396638,2.0008004803363615E-07,2.0008004803363615E-07,2.0008004803363615E-07,2.0008004803363615E-07,2.0008004803363615E-07,2.0008004803363615E-07,2.0008004803363615E-07,0.999999799919952,2.0008004803363615E-07,2.0008004803363615E-07,0.999999799919952,0.9999985994396638,2.0008004803363615E-07,2.0008004803363615E-07,2.0008004803363615E-07,2.0008004803363615E-07,2.0008004803363615E-07,2.0008004803363615E-07,2.0008004803363615E-07,0.9999985994396638,2.0008004803363615E-07,2.0008004803363615E-07,2.0008004803363615E-07,2.0008004803363615E-07,2.0008004803363615E-07,2.0008004803363615E-07,2.0008004803363615E-07,0.999999799919952,2.0008004803363615E-07,2.0008004803363615E-07,0.999999799919952,0.9999985994396638,2.0008004803363615E-07,2.0008004803363615E-07,2.0008004803363615E-07,2.0008004803363615E-07,2.0008004803363615E-07,2.0008004803363615E-07,2.0008004803363615E-07,0.9999985994396638,2.0008004803363615E-07,2.0008004803363615E-07,2.0008004803363615E-07,2.0008004803363615E-07,2.0008004803363615E-07,2.0008004803363615E-07,2.0008004803363615E-07,0.999999799919952,2.0008004803363615E-07,2.0008004803363615E-07,0.999999799919952,0.9999985994396638,2.0008004803363615E-07,2.0008004803363615E-07,2.0008004803363615E-07,2.0008004803363615E-07,2.0008004803363615E-07,2.0008004803363615E-07,2.0008004803363615E-07,0.9999985994396638,2.0008004803363615E-07,2.0008004803363615E-07,2.0008004803363615E-07,2.0008004803363615E-07,2.0008004803363615E-07,2.0008004803363615E-07,2.0008004803363615E-07,0.999999799919952,2.0008004803363615E-07,2.0008004803363615E-07,0.999999799919952,0.9999985994396638,2.0008004803363615E-07,2.0008004803363615E-07,2.0008004803363615E-07,2.0008004803363615E-07,2.0008004803363615E-07,2.0008004803363615E-07,2.0008004803363615E-07,0.9999985994396638,2.0008004803363615E-07,2.0008004803363615E-07,2.0008004803363615E-07,2.0008004803363615E-07,2.0008004803363615E-07,2.0008004803363615E-07,2.0008004803363615E-07,0.999999799919952,2.0008004803363615E-07,2.0008004803363615E-07,2.0008004803363615E-07,2.0008004803363615E-07,2.0008004803363615E-07,0.9999985994396638,2.0008004803363615E-07,2.0008004803363615E-07,2.0008004803363615E-07,2.0008004803363615E-07,0.999999799919952,0.999999799919952,2.0008004803363615E-07,2.0008004803363615E-07,2.0008004803363615E-07,2.0008004803363615E-07,2.0008004803363615E-07,2.0008004803363615E-07,2.0008004803363615E-07,2.0008004803363615E-07,0.9999985994396638,2.0008004803363615E-07,2.0008004803363615E-07,2.0008004803363615E-07,2.0008004803363615E-07,2.0008004803363615E-07,2.0008004803363615E-07,2.0008004803363615E-07,0.9999985994396638,2.0008004803363615E-07,0.999999799919952,0.999999799919952,2.0008004803363615E-07,2.0008004803363615E-07,2.0008004803363615E-07,2.0008004803363615E-07,0.9999985994396638,2.0008004803363615E-07,2.0008004803363615E-07,2.0008004803363615E-07,2.0008004803363615E-07,2.0008004803363615E-07,2.0008004803363615E-07,2.0008004803363615E-07,2.0008004803363615E-07,2.0008004803363615E-07,2.0008004803363615E-07,2.0008004803363615E-07,0.9999985994396638,2.0008004803363615E-07,0.999999799919952,0.999999799919952,2.0008004803363615E-07,0.9999985994396638,2.0008004803363615E-07,2.0008004803363615E-07,2.0008004803363615E-07,2.0008004803363615E-07,2.0008004803363615E-07,2.0008004803363615E-07,2.0008004803363615E-07,0.9999985994396638,2.0008004803363615E-07,2.0008004803363615E-07,2.0008004803363615E-07,2.0008004803363615E-07,2.0008004803363615E-07,2.0008004803363615E-07,2.0008004803363615E-07,2.0008004803363615E-07,0.999999799919952,2.0008004803363615E-07,0.999999799919952,0.9999985994396638,2.0008004803363615E-07,2.0008004803363615E-07,2.0008004803363615E-07,2.0008004803363615E-07,2.0008004803363615E-07,2.0008004803363615E-07,2.0008004803363615E-07,0.9999985994396638,2.0008004803363615E-07,2.0008004803363615E-07,2.0008004803363615E-07,2.0008004803363615E-07,2.0008004803363615E-07,2.0008004803363615E-07,2.0008004803363615E-07,0.999999799919952,2.0008004803363615E-07,2.0008004803363615E-07,0.999999799919952,0.9999985994396638,2.0008004803363615E-07,2.0008004803363615E-07,2.0008004803363615E-07,2.0008004803363615E-07,2.0008004803363615E-07,2.0008004803363615E-07,2.0008004803363615E-07,0.9999985994396638,2.0008004803363615E-07,2.0008004803363615E-07,2.0008004803363615E-07,2.0008004803363615E-07,2.0008004803363615E-07,2.0008004803363615E-07,2.0008004803363615E-07,0.999999799919952,2.0008004803363615E-07,2.0008004803363615E-07,0.999999799919952,0.9999985994396638,2.0008004803363615E-07,2.0008004803363615E-07,2.0008004803363615E-07,2.0008004803363615E-07,2.0008004803363615E-07,2.0008004803363615E-07,2.0008004803363615E-07,0.9999985994396638,2.0008004803363615E-07,2.0008004803363615E-07,2.0008004803363615E-07,2.0008004803363615E-07,2.0008004803363615E-07,2.0008004803363615E-07,2.0008004803363615E-07,0.999999799919952,2.0008004803363615E-07,2.0008004803363615E-07,0.999999799919952,0.9999985994396638,2.0008004803363615E-07,2.0008004803363615E-07,2.0008004803363615E-07,2.0008004803363615E-07,2.0008004803363615E-07,2.0008004803363615E-07,2.0008004803363615E-07,0.9999985994396638,2.0008004803363615E-07,2.0008004803363615E-07,2.0008004803363615E-07,2.0008004803363615E-07,2.0008004803363615E-07,2.0008004803363615E-07,2.0008004803363615E-07,0.999999799919952,2.0008004803363615E-07,2.0008004803363615E-07,0.999999799919952,0.9999985994396638,2.0008004803363615E-07,2.0008004803363615E-07,2.0008004803363615E-07,2.0008004803363615E-07,2.0008004803363615E-07,2.0008004803363615E-07,2.0008004803363615E-07,0.9999985994396638,2.0008004803363615E-07,2.0008004803363615E-07,2.0008004803363615E-07,2.0008004803363615E-07,2.0008004803363615E-07,2.0008004803363615E-07,2.0008004803363615E-07,0.999999799919952,2.0008004803363615E-07,2.0008004803363615E-07,2.0008004803363615E-07,2.0008004803363615E-07,2.0008004803363615E-07,0.9999985994396638,2.0008004803363615E-07,2.0008004803363615E-07,2.0008004803363615E-07,2.0008004803363615E-07,0.999999799919952,0.999999799919952,2.0008004803363615E-07,2.0008004803363615E-07,2.0008004803363615E-07,2.0008004803363615E-07,2.0008004803363615E-07,2.0008004803363615E-07,2.0008004803363615E-07,2.0008004803363615E-07,0.9999985994396638,2.0008004803363615E-07,2.0008004803363615E-07,2.0008004803363615E-07,2.0008004803363615E-07,2.0008004803363615E-07,2.0008004803363615E-07,2.0008004803363615E-07,0.9999985994396638,2.0008004803363615E-07,0.999999799919952,0.999999799919952,2.0008004803363615E-07,2.0008004803363615E-07,2.0008004803363615E-07,2.0008004803363615E-07,0.9999985994396638,2.0008004803363615E-07,2.0008004803363615E-07,2.0008004803363615E-07,2.0008004803363615E-07,2.0008004803363615E-07,2.0008004803363615E-07,2.0008004803363615E-07,2.0008004803363615E-07,2.0008004803363615E-07,2.0008004803363615E-07,2.0008004803363615E-07,0.9999985994396638,2.0008004803363615E-07,0.999999799919952,0.999999799919952,2.0008004803363615E-07,0.9999985994396638,2.0008004803363615E-07,2.0008004803363615E-07,2.0008004803363615E-07,2.0008004803363615E-07,2.0008004803363615E-07,2.0008004803363615E-07,2.0008004803363615E-07,0.9999985994396638,2.0008004803363615E-07,2.0008004803363615E-07,2.0008004803363615E-07,2.0008004803363615E-07,2.0008004803363615E-07,2.0008004803363615E-07,2.0008004803363615E-07,2.0008004803363615E-07,0.999999799919952,2.0008004803363615E-07,0.999999799919952,0.9999985994396638,2.0008004803363615E-07,2.0008004803363615E-07,2.0008004803363615E-07,2.0008004803363615E-07,2.0008004803363615E-07,2.0008004803363615E-07,2.0008004803363615E-07,0.69339994192311,0.30659885759660194,2.0008004803363615E-07,2.0008004803363615E-07,2.0008004803363615E-07,2.0008004803363615E-07,2.0008004803363615E-07,2.0008004803363615E-07,0.999999799919952,2.0008004803363615E-07,2.0008004803363615E-07,0.999999799919952,0.9999985994396638,2.0008004803363615E-07,2.0008004803363615E-07,2.0008004803363615E-07,2.0008004803363615E-07,2.0008004803363615E-07,2.0008004803363615E-07,2.0008004803363615E-07,0.9999985994396638,2.0008004803363615E-07,2.0008004803363615E-07,2.0008004803363615E-07,2.0008004803363615E-07,2.0008004803363615E-07,2.0008004803363615E-07,2.0008004803363615E-07,0.999999799919952,2.0008004803363615E-07,2.0008004803363615E-07,0.999999799919952,0.9999985994396638,2.0008004803363615E-07,2.0008004803363615E-07,2.0008004803363615E-07,2.0008004803363615E-07,2.0008004803363615E-07,2.0008004803363615E-07,2.0008004803363615E-07,0.9999985994396638,2.0008004803363615E-07,2.0008004803363615E-07,2.0008004803363615E-07,2.0008004803363615E-07,2.0008004803363615E-07,2.0008004803363615E-07,2.0008004803363615E-07,0.999999799919952,2.0008004803363615E-07,2.0008004803363615E-07,0.999999799919952,0.9999985994396638,2.0008004803363615E-07,2.0008004803363615E-07,2.0008004803363615E-07,2.0008004803363615E-07,2.0008004803363615E-07,2.0008004803363615E-07,2.0008004803363615E-07,0.9999985994396638,2.0008004803363615E-07,2.0008004803363615E-07,2.0008004803363615E-07,2.0008004803363615E-07,2.0008004803363615E-07,2.0008004803363615E-07,2.0008004803363615E-07,0.999999799919952,2.0008004803363615E-07,2.0008004803363615E-07,0.999999799919952,0.9999985994396638,2.0008004803363615E-07,2.0008004803363615E-07,2.0008004803363615E-07,2.0008004803363615E-07,2.0008004803363615E-07,2.0008004803363615E-07,2.0008004803363615E-07,0.9999985994396638,2.0008004803363615E-07,2.0008004803363615E-07,2.0008004803363615E-07,2.0008004803363615E-07,2.0008004803363615E-07,2.0008004803363615E-07,2.0008004803363615E-07,0.999999799919952,2.0008004803363615E-07,2.0008004803363615E-07,2.0008004803363615E-07,2.0008004803363615E-07,2.0008004803363615E-07,0.9999985994396638,2.0008004803363615E-07,2.0008004803363615E-07,2.0008004803363615E-07,2.0008004803363615E-07,0.999999799919952,0.999999799919952,2.0008004803363615E-07,2.0008004803363615E-07,2.0008004803363615E-07,2.0008004803363615E-07,2.0008004803363615E-07,2.0008004803363615E-07,2.0008004803363615E-07,2.0008004803363615E-07,0.9999985994396638,2.0008004803363615E-07,2.0008004803363615E-07,2.0008004803363615E-07,2.0008004803363615E-07,2.0008004803363615E-07,2.0008004803363615E-07,2.0008004803363615E-07,0.9999985994396638,2.0008004803363615E-07,0.999999799919952,0.999999799919952,2.0008004803363615E-07,2.0008004803363615E-07,2.0008004803363615E-07,2.0008004803363615E-07,2.0008004803363615E-07,2.0008004803363615E-07,2.0008004803363615E-07,2.0008004803363615E-07,0.9999985994396638,2.0008004803363615E-07,2.0008004803363615E-07,2.0008004803363615E-07,2.0008004803363615E-07,2.0008004803363615E-07,2.0008004803363615E-07,2.0008004803363615E-07,0.9999985994396638,2.0008004803363615E-07,0.999999799919952,0.999999799919952,2.0008004803363615E-07,0.9999985994396638,2.0008004803363615E-07,2.0008004803363615E-07,2.0008004803363615E-07,2.0008004803363615E-07,2.0008004803363615E-07,2.0008004803363615E-07,2.0008004803363615E-07,2.0008004803363615E-07,2.0008004803363615E-07,2.0008004803363615E-07,0.393018329146685,0.6069804703730269,2.0008004803363615E-07,2.0008004803363615E-07,2.0008004803363615E-07,2.0008004803363615E-07,0.999999799919952,2.0008004803363615E-07,0.999999799919952,2.0008004803363615E-07,2.0008004803363615E-07,2.0008004803363615E-07,2.0008004803363615E-07,0.2435328888990195,0.7564659106206924,2.0008004803363615E-07,2.0008004803363615E-07,0.32345200593647566,0.3221996787224864,0.2542860118461507,0.10006150317469505,2.0008004803363615E-07,2.0008004803363615E-07,2.0008004803363615E-07,2.0008004803363615E-07,0.999999799919952,2.0008004803363615E-07,2.0008004803363615E-07,0.999999799919952,0.9999985994396638,2.0008004803363615E-07,2.0008004803363615E-07,2.0008004803363615E-07,2.0008004803363615E-07,2.0008004803363615E-07,2.0008004803363615E-07,2.0008004803363615E-07,0.9999985994396638,2.0008004803363615E-07,2.0008004803363615E-07,2.0008004803363615E-07,2.0008004803363615E-07,2.0008004803363615E-07,2.0008004803363615E-07,2.0008004803363615E-07,0.999999799919952,2.0008004803363615E-07,2.0008004803363615E-07,0.999999799919952,0.9999985994396638,2.0008004803363615E-07,2.0008004803363615E-07,2.0008004803363615E-07,2.0008004803363615E-07,2.0008004803363615E-07,2.0008004803363615E-07,2.0008004803363615E-07,0.9999985994396638,2.0008004803363615E-07,2.0008004803363615E-07,2.0008004803363615E-07,2.0008004803363615E-07,2.0008004803363615E-07,2.0008004803363615E-07,2.0008004803363615E-07,0.999999799919952,2.0008004803363615E-07,2.0008004803363615E-07,0.999999799919952,0.9999985994396638,2.0008004803363615E-07,2.0008004803363615E-07,2.0008004803363615E-07,2.0008004803363615E-07,2.0008004803363615E-07,2.0008004803363615E-07,2.0008004803363615E-07,0.9999985994396638,2.0008004803363615E-07,2.0008004803363615E-07,2.0008004803363615E-07,2.0008004803363615E-07,2.0008004803363615E-07,2.0008004803363615E-07,2.0008004803363615E-07,0.999999799919952,2.0008004803363615E-07,2.0008004803363615E-07,0.999999799919952,0.9999985994396638,2.0008004803363615E-07,2.0008004803363615E-07,2.0008004803363615E-07,2.0008004803363615E-07,2.0008004803363615E-07,2.0008004803363615E-07,2.0008004803363615E-07,0.9999985994396638,2.0008004803363615E-07,2.0008004803363615E-07,2.0008004803363615E-07,2.0008004803363615E-07,2.0008004803363615E-07,2.0008004803363615E-07,2.0008004803363615E-07,0.999999799919952,2.0008004803363615E-07,2.0008004803363615E-07,2.0008004803363615E-07,2.0008004803363615E-07,2.0008004803363615E-07,0.9999985994396638,2.0008004803363615E-07,2.0008004803363615E-07,2.0008004803363615E-07,2.0008004803363615E-07,0.999999799919952,0.999999799919952,2.0008004803363615E-07,2.0008004803363615E-07,2.0008004803363615E-07,2.0008004803363615E-07,2.0008004803363615E-07,2.0008004803363615E-07,2.0008004803363615E-07,2.0008004803363615E-07,0.9999985994396638,2.0008004803363615E-07,2.0008004803363615E-07,2.0008004803363615E-07,2.0008004803363615E-07,2.0008004803363615E-07,2.0008004803363615E-07,2.0008004803363615E-07,0.9999985994396638,2.0008004803363615E-07,0.999999799919952,0.999999799919952,2.0008004803363615E-07,2.0008004803363615E-07,2.0008004803363615E-07,2.0008004803363615E-07,2.0008004803363615E-07,2.0008004803363615E-07,2.0008004803363615E-07,2.0008004803363615E-07,0.9999985994396638,2.0008004803363615E-07,2.0008004803363615E-07,2.0008004803363615E-07,2.0008004803363615E-07,2.0008004803363615E-07,2.0008004803363615E-07,2.0008004803363615E-07,0.9999985994396638,2.0008004803363615E-07,0.999999799919952,0.999999799919952,2.0008004803363615E-07,2.0008004803363615E-07,2.0008004803363615E-07,0.9999985994396638,2.0008004803363615E-07,2.0008004803363615E-07,2.0008004803363615E-07,2.0008004803363615E-07,2.0008004803363615E-07,2.0008004803363615E-07,2.0008004803363615E-07,2.0008004803363615E-07,2.0008004803363615E-07,2.0008004803363615E-07,0.9999985994396638,2.0008004803363615E-07,2.0008004803363615E-07,2.0008004803363615E-07,0.999999799919952,2.0008004803363615E-07,0.999999799919952,2.0008004803363615E-07,2.0008004803363615E-07,2.0008004803363615E-07,2.0008004803363615E-07,2.0008004803363615E-07,0.9999985994396638,2.0008004803363615E-07,2.0008004803363615E-07,2.0008004803363615E-07,0.15544962376710325,0.37114345730426346,0.4734059185283931,2.0008004803363615E-07,2.0008004803363615E-07,2.0008004803363615E-07,2.0008004803363615E-07,0.999999799919952,2.0008004803363615E-07,2.0008004803363615E-07,0.999999799919952,0.9999985994396638,2.0008004803363615E-07,2.0008004803363615E-07,2.0008004803363615E-07,2.0008004803363615E-07,2.0008004803363615E-07,2.0008004803363615E-07,2.0008004803363615E-07,0.9999985994396638,2.0008004803363615E-07,2.0008004803363615E-07,2.0008004803363615E-07,2.0008004803363615E-07,2.0008004803363615E-07,2.0008004803363615E-07,2.0008004803363615E-07,0.999999799919952,2.0008004803363615E-07,2.0008004803363615E-07,0.999999799919952,0.9999985994396638,2.0008004803363615E-07,2.0008004803363615E-07,2.0008004803363615E-07,2.0008004803363615E-07,2.0008004803363615E-07,2.0008004803363615E-07,2.0008004803363615E-07,0.9999985994396638,2.0008004803363615E-07,2.0008004803363615E-07,2.0008004803363615E-07,2.0008004803363615E-07,2.0008004803363615E-07,2.0008004803363615E-07,2.0008004803363615E-07,0.999999799919952,2.0008004803363615E-07,2.0008004803363615E-07,0.999999799919952,0.9999985994396638,2.0008004803363615E-07,2.0008004803363615E-07,2.0008004803363615E-07,2.0008004803363615E-07,2.0008004803363615E-07,2.0008004803363615E-07,2.0008004803363615E-07,0.9999985994396638,2.0008004803363615E-07,2.0008004803363615E-07,2.0008004803363615E-07,2.0008004803363615E-07,2.0008004803363615E-07,2.0008004803363615E-07,2.0008004803363615E-07,0.999999799919952,2.0008004803363615E-07,2.0008004803363615E-07,0.999999799919952,0.9999985994396638,2.0008004803363615E-07,2.0008004803363615E-07,2.0008004803363615E-07,2.0008004803363615E-07,2.0008004803363615E-07,2.0008004803363615E-07,2.0008004803363615E-07,0.9999985994396638,2.0008004803363615E-07,2.0008004803363615E-07,2.0008004803363615E-07,2.0008004803363615E-07,2.0008004803363615E-07,2.0008004803363615E-07,2.0008004803363615E-07,0.999999799919952,2.0008004803363615E-07,2.0008004803363615E-07,2.0008004803363615E-07,2.0008004803363615E-07,2.0008004803363615E-07,0.9999985994396638,2.0008004803363615E-07,2.0008004803363615E-07,2.0008004803363615E-07,2.0008004803363615E-07,0.999999799919952,0.999999799919952,2.0008004803363615E-07,2.0008004803363615E-07,2.0008004803363615E-07,2.0008004803363615E-07,2.0008004803363615E-07,2.0008004803363615E-07,2.0008004803363615E-07,2.0008004803363615E-07,0.9999985994396638,2.0008004803363615E-07,2.0008004803363615E-07,2.0008004803363615E-07,2.0008004803363615E-07,2.0008004803363615E-07,2.0008004803363615E-07,2.0008004803363615E-07,0.9999985994396638,2.0008004803363615E-07,0.999999799919952,0.999999799919952,2.0008004803363615E-07,2.0008004803363615E-07,2.0008004803363615E-07,2.0008004803363615E-07,2.0008004803363615E-07,2.0008004803363615E-07,2.0008004803363615E-07,2.0008004803363615E-07,0.9999985994396638,2.0008004803363615E-07,2.0008004803363615E-07,2.0008004803363615E-07,2.0008004803363615E-07,2.0008004803363615E-07,2.0008004803363615E-07,2.0008004803363615E-07,0.9999985994396638,2.0008004803363615E-07,0.999999799919952,0.999999799919952,2.0008004803363615E-07,2.0008004803363615E-07,2.0008004803363615E-07,2.0008004803363615E-07,0.9999985994396638,2.0008004803363615E-07,2.0008004803363615E-07,2.0008004803363615E-07,2.0008004803363615E-07,2.0008004803363615E-07,2.0008004803363615E-07,2.0008004803363615E-07,2.0008004803363615E-07,2.0008004803363615E-07,2.0008004803363615E-07,0.9999985994396638,2.0008004803363615E-07,2.0008004803363615E-07,0.999999799919952,0.999999799919952,2.0008004803363615E-07,2.0008004803363615E-07,2.0008004803363615E-07,2.0008004803363615E-07,2.0008004803363615E-07,2.0008004803363615E-07,0.9999985994396638,2.0008004803363615E-07,2.0008004803363615E-07,2.0008004803363615E-07,2.0008004803363615E-07,0.1657936905582696,0.8342051089614422,2.0008004803363615E-07,2.0008004803363615E-07,2.0008004803363615E-07,2.0008004803363615E-07,0.999999799919952,2.0008004803363615E-07,2.0008004803363615E-07,0.999999799919952,0.9999985994396638,2.0008004803363615E-07,2.0008004803363615E-07,2.0008004803363615E-07,2.0008004803363615E-07,2.0008004803363615E-07,2.0008004803363615E-07,2.0008004803363615E-07,0.9999985994396638,2.0008004803363615E-07,2.0008004803363615E-07,2.0008004803363615E-07,2.0008004803363615E-07,2.0008004803363615E-07,2.0008004803363615E-07,2.0008004803363615E-07,0.999999799919952,2.0008004803363615E-07,2.0008004803363615E-07,0.999999799919952,0.9999985994396638,2.0008004803363615E-07,2.0008004803363615E-07,2.0008004803363615E-07,2.0008004803363615E-07,2.0008004803363615E-07,2.0008004803363615E-07,2.0008004803363615E-07,0.9999985994396638,2.0008004803363615E-07,2.0008004803363615E-07,2.0008004803363615E-07,2.0008004803363615E-07,2.0008004803363615E-07,2.0008004803363615E-07,2.0008004803363615E-07,0.999999799919952,2.0008004803363615E-07,2.0008004803363615E-07,0.999999799919952,0.9999985994396638,2.0008004803363615E-07,2.0008004803363615E-07,2.0008004803363615E-07,2.0008004803363615E-07,2.0008004803363615E-07,2.0008004803363615E-07,2.0008004803363615E-07,0.9999985994396638,2.0008004803363615E-07,2.0008004803363615E-07,2.0008004803363615E-07,2.0008004803363615E-07,2.0008004803363615E-07,2.0008004803363615E-07,2.0008004803363615E-07,0.999999799919952,2.0008004803363615E-07,2.0008004803363615E-07,0.999999799919952,0.9999985994396638,2.0008004803363615E-07,2.0008004803363615E-07,2.0008004803363615E-07,2.0008004803363615E-07,2.0008004803363615E-07,2.0008004803363615E-07,2.0008004803363615E-07,0.9999985994396638,2.0008004803363615E-07,2.0008004803363615E-07,2.0008004803363615E-07,2.0008004803363615E-07,2.0008004803363615E-07,2.0008004803363615E-07,2.0008004803363615E-07,0.999999799919952,2.0008004803363615E-07,2.0008004803363615E-07,2.0008004803363615E-07,2.0008004803363615E-07,2.0008004803363615E-07,0.9999985994396638,2.0008004803363615E-07,2.0008004803363615E-07,2.0008004803363615E-07,2.0008004803363615E-07,0.999999799919952,0.999999799919952,2.0008004803363615E-07,2.0008004803363615E-07,2.0008004803363615E-07,2.0008004803363615E-07,2.0008004803363615E-07,2.0008004803363615E-07,2.0008004803363615E-07,2.0008004803363615E-07,0.9999985994396638,2.0008004803363615E-07,2.0008004803363615E-07,2.0008004803363615E-07,2.0008004803363615E-07,2.0008004803363615E-07,2.0008004803363615E-07,2.0008004803363615E-07,0.9999985994396638,2.0008004803363615E-07,0.999999799919952,0.999999799919952,2.0008004803363615E-07,2.0008004803363615E-07,2.0008004803363615E-07,2.0008004803363615E-07,2.0008004803363615E-07,2.0008004803363615E-07,2.0008004803363615E-07,2.0008004803363615E-07,0.9999985994396638,2.0008004803363615E-07,2.0008004803363615E-07,2.0008004803363615E-07,2.0008004803363615E-07,2.0008004803363615E-07,2.0008004803363615E-07,2.0008004803363615E-07,0.9999985994396638,2.0008004803363615E-07,0.999999799919952,0.999999799919952,2.0008004803363615E-07,2.0008004803363615E-07,2.0008004803363615E-07,2.0008004803363615E-07,2.0008004803363615E-07,0.9999985994396638,2.0008004803363615E-07,2.0008004803363615E-07,2.0008004803363615E-07,2.0008004803363615E-07,2.0008004803363615E-07,2.0008004803363615E-07,2.0008004803363615E-07,2.0008004803363615E-07,2.0008004803363615E-07,0.9999985994396638,2.0008004803363615E-07,2.0008004803363615E-07,0.999999799919952,0.999999799919952,2.0008004803363615E-07,2.0008004803363615E-07,2.0008004803363615E-07,2.0008004803363615E-07,2.0008004803363615E-07,2.0008004803363615E-07,0.9999985994396638,2.0008004803363615E-07,2.0008004803363615E-07,2.0008004803363615E-07,2.0008004803363615E-07,2.0008004803363615E-07,0.9999985994396638,2.0008004803363615E-07,2.0008004803363615E-07,2.0008004803363615E-07,2.0008004803363615E-07,0.999999799919952,2.0008004803363615E-07,2.0008004803363615E-07,0.999999799919952,0.9999985994396638,2.0008004803363615E-07,2.0008004803363615E-07,2.0008004803363615E-07,2.0008004803363615E-07,2.0008004803363615E-07,2.0008004803363615E-07,2.0008004803363615E-07,0.9999985994396638,2.0008004803363615E-07,2.0008004803363615E-07,2.0008004803363615E-07,2.0008004803363615E-07,2.0008004803363615E-07,2.0008004803363615E-07,2.0008004803363615E-07,0.999999799919952,2.0008004803363615E-07,2.0008004803363615E-07,0.999999799919952,0.9999985994396638,2.0008004803363615E-07,2.0008004803363615E-07,2.0008004803363615E-07,2.0008004803363615E-07,2.0008004803363615E-07,2.0008004803363615E-07,2.0008004803363615E-07,0.9999985994396638,2.0008004803363615E-07,2.0008004803363615E-07,2.0008004803363615E-07,2.0008004803363615E-07,2.0008004803363615E-07,2.0008004803363615E-07,2.0008004803363615E-07,0.999999799919952,2.0008004803363615E-07,2.0008004803363615E-07,0.999999799919952,0.9999985994396638,2.0008004803363615E-07,2.0008004803363615E-07,2.0008004803363615E-07,2.0008004803363615E-07,2.0008004803363615E-07,2.0008004803363615E-07,2.0008004803363615E-07,0.9999985994396638,2.0008004803363615E-07,2.0008004803363615E-07,2.0008004803363615E-07,2.0008004803363615E-07,2.0008004803363615E-07,2.0008004803363615E-07,2.0008004803363615E-07,0.999999799919952,2.0008004803363615E-07,2.0008004803363615E-07,0.999999799919952,0.9999985994396638,2.0008004803363615E-07,2.0008004803363615E-07,2.0008004803363615E-07,2.0008004803363615E-07,2.0008004803363615E-07,2.0008004803363615E-07,2.0008004803363615E-07,0.9999985994396638,2.0008004803363615E-07,2.0008004803363615E-07,2.0008004803363615E-07,2.0008004803363615E-07,2.0008004803363615E-07,2.0008004803363615E-07,2.0008004803363615E-07
