"OptionSet","Exploit","Refine","Seconds","Filter","All","NoDispute","DisputeArises","LitigQuality","PFiles","DAnswers","Activity","Accident","WrongAttrib","PrecPower","PrecLevel","BCRatio","PrecPower1","PrecPower2","PrecPower3","PrecPower4","PrecPower5","PrecPower6","PrecPower7","PrecPower8","PBargains1","DBargains1","POffer1","DOffer1","POfferMixedness1","DOfferMixedness1","Settles1","PBet1","DBet1","PBetMixedness1","DBetMixedness1","PAbandons1","DDefaults1","Trial","PWinPct","PWealth","DWealth","TotWealth","WealthLoss","PWelfare","DWelfare","TotExpense","False+","False-","False+-","False+^2","False-^2","PDSWelfareLoss","SWelfareLoss","OpportunityCost","HarmCost","TrulyLiableHarmCost","TrulyNotLiableHarmCost","Chips","Settles","ValIfSettled","PAbandons","DDefaults","BothReadyToGiveUp","TrulyLiable","PrimaryAction","MutualOptimism","PLiabilitySignal1","PLiabilitySignal2","PLiabilitySignal3","PLiabilitySignal4","PLiabilitySignal5","PLiabilitySignal6","PLiabilitySignal7","PLiabilitySignal8","DLiabilitySignal1","DLiabilitySignal2","DLiabilitySignal3","DLiabilitySignal4","DLiabilitySignal5","DLiabilitySignal6","DLiabilitySignal7","DLiabilitySignal8","P Files","D Answers","PDoesntFile","DDoesntAnswer","SettlesBR1","PAbandonsBR1","DDefaultsBR1","P Loses","P Wins"
"MODRA CM 0.25 FSM 2 DM 1 LT 1.2 UPC 1.2E-05","0","NaN","721","All",1,0.99989,0.000109999,0.5,0.00011,0.000109999,1,0.000109999,9.999E-06,4.5,5.60224E-06,0.891194,0.125001,0.125,0.124999,0.124999,0.124999,0.124999,0.125,0.125001,1,1,0.0625007,0.0625007,,,0.000109999,,,,,1.5406E-10,1.54122E-17,3.08E-17,0,9.99989,9.99999,19.9999,0.000120999,1000,1000,1.09999E-05,1.2375E-5,0,1.23749E-5,1.39221E-06,0,0.0001,0.000111,2.67307E-10,9.99999E-05,0,9.99999E-05,0,0.00011,0.0625004,1.5406E-10,1.54122E-17,3.08243E-17,0,0,-8.52409E-15,0.102831,0.127187,0.135106,0.134876,0.134876,0.135106,0.127187,0.102831,0.102831,0.127187,0.135106,0.134876,0.134876,0.135106,0.127187,0.102831,0.00011,0.000109999,0.99989,2.20086E-11,0.000109999,1.5406E-10,1.54122E-17,3.0824E-17,0
"MODRA CM 0.25 FSM 2 DM 1 LT 1.2 UPC 1.2E-05","0","NaN","721","NoDispute",0.9999,1,0,0.5,0,0,1,0,0,4.5,5.60246E-06,0.891194,0.125,0.125,0.125,0.125,0.125,0.125,0.125,0.125,1,1,,,,,0,,,,,0,0,0,,10,10,20,2.67332E-10,1000,1000,0,0,0,0,0,0,2.67332E-10,2.67332E-10,2.67332E-10,0,0,0,0,0,,0,0,0,,0,0,0.102831,0.127187,0.135106,0.134876,0.134876,0.135106,0.127187,0.102831,0.102831,0.127187,0.135106,0.134876,0.134876,0.135106,0.127187,0.102831,0,0,1,0,0,0,0,0,0
"MODRA CM 0.25 FSM 2 DM 1 LT 1.2 UPC 1.2E-05","0","NaN","721","DisputeArises",0.0001,0,1,0.5,1,1,1,1,0.0909009,4.5,3.62896E-06,0.890081,0.136681,0.127449,0.119698,0.116172,0.116172,0.119698,0.127449,0.136681,1,1,0.0625007,0.0625007,,,0.999998,,,,,1.40056E-06,1.40112E-13,2.8E-13,0,9.0125,9.8875,18.9,1.1,998.842,999.953,0.1,0.1125,0,0.1125,0.0126566,0,0.909099,1.0091,4.35476E-11,0.909099,0,0.909099,0,0.999998,0.0625004,1.40056E-06,1.40112E-13,2.80224E-13,0,0,-4.18979E-13,0.102831,0.127187,0.135106,0.134876,0.134876,0.135106,0.127187,0.102831,0.102831,0.127187,0.135106,0.134876,0.134876,0.135106,0.127187,0.102831,1,1,2.0008E-07,2.0008E-07,0.999998,1.40056E-06,1.40112E-13,2.8022E-13,0
"MODRA CM 0.25 FSM 2 DM 1 LT 1.2 UPC 1.2E-05","0","NaN","721","PFiles",0.0001,0,1,0.5,1,1,1,1,0.0909009,4.5,3.62896E-06,0.890081,0.136681,0.127449,0.119698,0.116172,0.116172,0.119698,0.127449,0.136681,1,1,0.0625007,0.0625007,,,0.999998,,,,,1.40056E-06,1.40112E-13,2.8E-13,0,9.0125,9.8875,18.9,1.1,998.842,999.953,0.1,0.1125,0,0.1125,0.0126566,0,0.909099,1.0091,4.35476E-11,0.909099,0,0.909099,0,0.999998,0.0625004,1.40056E-06,1.40112E-13,2.80224E-13,0,0,-4.04121E-13,0.102831,0.127187,0.135106,0.134876,0.134876,0.135106,0.127187,0.102831,0.102831,0.127187,0.135106,0.134876,0.134876,0.135106,0.127187,0.102831,1,1,0,2.0008E-07,0.999998,1.40056E-06,1.40112E-13,2.8022E-13,0
"MODRA CM 0.25 FSM 2 DM 1 LT 1.2 UPC 1.2E-05","0","NaN","721","DAnswers",0.0001,0,1,0.5,1,1,1,1,0.0909009,4.5,3.62896E-06,0.890081,0.136681,0.127449,0.119698,0.116172,0.116172,0.119698,0.127449,0.136681,1,1,0.0625007,0.0625007,,,0.999999,,,,,1.40056E-06,1.40112E-13,2.8E-13,0,9.0125,9.8875,18.9,1.1,998.842,999.953,0.1,0.1125,0,0.1125,0.0126564,0,0.909099,1.0091,4.35476E-11,0.909099,0,0.909099,0,0.999999,0.0625004,1.40056E-06,1.40112E-13,2.80224E-13,0,0,-3.93606E-13,0.102831,0.127187,0.135106,0.134876,0.134876,0.135106,0.127187,0.102831,0.102831,0.127187,0.135106,0.134876,0.134876,0.135106,0.127187,0.102831,1,1,0,0,0.999999,1.40056E-06,1.40112E-13,2.8022E-13,0
"MODRA CM 0.25 FSM 2 DM 1 LT 1.2 UPC 1.2E-05","0","NaN","721","Litigated",0.0001,0,1,0.5,1,1,1,1,0.0909009,4.5,3.62896E-06,0.890081,0.136681,0.127449,0.119698,0.116172,0.116172,0.119698,0.127449,0.136681,1,1,0.0625007,0.0625007,,,0.999999,,,,,1.40056E-06,1.40112E-13,2.8E-13,0,9.0125,9.8875,18.9,1.1,998.842,999.953,0.1,0.1125,0,0.1125,0.0126564,0,0.909099,1.0091,4.35476E-11,0.909099,0,0.909099,0,0.999999,0.0625004,1.40056E-06,1.40112E-13,2.80224E-13,0,0,-3.93606E-13,0.102831,0.127187,0.135106,0.134876,0.134876,0.135106,0.127187,0.102831,0.102831,0.127187,0.135106,0.134876,0.134876,0.135106,0.127187,0.102831,1,1,0,0,0.999999,1.40056E-06,1.40112E-13,2.8022E-13,0
"MODRA CM 0.25 FSM 2 DM 1 LT 1.2 UPC 1.2E-05","0","NaN","721","Not Litigated",0.9999,1,4.40220E-11,0.5,2.201E-11,0,1,4.40220E-11,4.00164E-12,4.5,5.60246E-06,0.891194,0.125,0.125,0.125,0.125,0.125,0.125,0.125,0.125,1,1,,,,,0,,,,,0,0,0,,10,10,20,3.11904E-10,1000,1000,5.50275E-13,2.201E-11,0,2.2011E-11,2.20110E-11,0,3.07352E-10,3.07902E-10,2.67332E-10,4.00204E-11,0,4.00204E-11,0,0,,0,0,0,0,0,0,0.102831,0.127187,0.135106,0.134876,0.134876,0.135106,0.127187,0.102831,0.102831,0.127187,0.135106,0.134876,0.134876,0.135106,0.127187,0.102831,2.2011E-11,0,1,2.20110E-11,0,0,0,0,0
"MODRA CM 0.25 FSM 2 DM 1 LT 1.2 UPC 1.2E-05","0","NaN","721","Settles",0.0001,0,1,0.5,1,1,1,1,0.0909009,4.5,3.62896E-06,0.890081,0.136681,0.127449,0.119698,0.116172,0.116172,0.119698,0.127449,0.136681,1,1,0.0625,0.0625007,,,1,,,,,0,0,0,,9.0125,9.8875,18.9,1.1,998.842,999.953,0.1,0.1125,0,0.1125,0.0126564,0,0.909099,1.0091,4.35476E-11,0.909099,0,0.909099,0,1,0.0625004,0,0,0,0,0,-2.10934E-13,0.102831,0.127187,0.135106,0.134876,0.134876,0.135106,0.127187,0.102831,0.102831,0.127187,0.135106,0.134876,0.134876,0.135106,0.127187,0.102831,1,1,0,0,1,0,0,0,0
"MODRA CM 0.25 FSM 2 DM 1 LT 1.2 UPC 1.2E-05","0","NaN","721","Tried",3E-17,0,1,0.5,1,1,1,1,0.0909009,4.5,3.62896E-06,0.890081,0.136681,0.127449,0.119698,0.116172,0.116172,0.119698,0.127449,0.136681,1,1,0.5625,0.0625002,,,0,,,,,0,0,1,0,8.775,10.075,18.85,1.15,998.024,1000.03,0.15,0,0,0,0,0,0.909099,1.0591,4.35476E-11,0.909099,0,0.909099,0,0,,0,0,0,0,0,-1.80306E-13,0.102831,0.127187,0.135106,0.134876,0.134876,0.135106,0.127187,0.102831,0.102831,0.127187,0.135106,0.134876,0.134876,0.135106,0.127187,0.102831,1,1,0,0,0,0,0,1,0
"MODRA CM 0.25 FSM 2 DM 1 LT 1.2 UPC 1.2E-05","0","NaN","721","PWins",0,,,,,,,,,,,,,,,,,,,,,,,,,,,,,,,,,,,,,,,,,,,,,,,,,,,,,,,,,,,,,,,,,,,,,,,,,,,,,,,,,,,,,,
"MODRA CM 0.25 FSM 2 DM 1 LT 1.2 UPC 1.2E-05","0","NaN","721","DWins",3E-17,0,1,0.5,1,1,1,1,0.0909009,4.5,3.62896E-06,0.890081,0.136681,0.127449,0.119698,0.116172,0.116172,0.119698,0.127449,0.136681,1,1,0.5625,0.0625002,,,0,,,,,0,0,1,0,8.775,10.075,18.85,1.15,998.024,1000.03,0.15,0,0,0,0,0,0.909099,1.0591,4.35476E-11,0.909099,0,0.909099,0,0,,0,0,0,0,0,-1.80306E-13,0.102831,0.127187,0.135106,0.134876,0.134876,0.135106,0.127187,0.102831,0.102831,0.127187,0.135106,0.134876,0.134876,0.135106,0.127187,0.102831,1,1,0,0,0,0,0,1,0
"MODRA CM 0.25 FSM 2 DM 1 LT 1.2 UPC 1.2E-05","0","NaN","721","Abandoned",2E-10,0,1,0.5,1,1,1,1,0.0909009,4.5,3.62896E-06,0.890081,0.136681,0.127449,0.119698,0.116172,0.116172,0.119698,0.127449,0.136681,1,1,0.5625,0.0625002,,,0,,,,,1,1.0004E-07,0,,8.95,9.95,18.9,1.1,998.663,999.98,0.1,0.0500001,0,0.0500001,0.00250011,0,0.909099,1.0091,4.35476E-11,0.909099,0,0.909099,0,0,,1,1.0004E-07,2.0008E-07,0,0,-3.40328E-13,0.102831,0.127187,0.135106,0.134876,0.134876,0.135106,0.127187,0.102831,0.102831,0.127187,0.135106,0.134876,0.134876,0.135106,0.127187,0.102831,1,1,0,0,0,1,1.0004E-07,0,0
"MODRA CM 0.25 FSM 2 DM 1 LT 1.2 UPC 1.2E-05","0","NaN","721","PrecPower1",0.125,0.99988,0.000120277,0.0625,0.0001203,0.000120277,1,0.000120277,1.09333E-05,1,5.6022E-06,0.540118,1,0,0,0,0,0,0,0,1,1,0.0625007,0.0625007,,,0.000120277,,,,,1.68455E-10,1.68522E-17,3.37E-17,0,9.99988,9.99999,19.9999,0.000132305,1000,1000,1.20277E-05,1.3531E-5,0,1.35312E-5,1.5223E-06,0,0.000109344,0.000121371,2.67304E-10,0.000109343,0,0.000109343,0,0.00012028,0.0625004,1.68455E-10,1.68522E-17,3.37044E-17,0,0,0.936684,0.224527,0.243923,0.207842,0.146448,0.0898691,0.0498799,0.0255093,0.0120028,0.394013,0.326145,0.184955,0.0718393,0.019103,0.00347584,0.0004325,3.67796E-05,0.00012028,0.000120277,0.99988,2.4065E-11,0.000120277,1.68455E-10,1.68522E-17,3.3704E-17,0
"MODRA CM 0.25 FSM 2 DM 1 LT 1.2 UPC 1.2E-05","0","NaN","721","PrecPower2",0.125,0.999888,0.000112154,0.1875,0.0001122,0.000112154,1,0.000112154,1.01949E-05,2,5.60223E-06,0.655857,0,1,0,0,0,0,0,0,1,1,0.0625007,0.0625007,,,0.000112154,,,,,1.57078E-10,1.57141E-17,3.14E-17,0,9.99989,9.99999,19.9999,0.00012337,1000,1000,1.12154E-05,1.2617E-5,0,1.26174E-5,1.41949E-06,0,0.000101959,0.000113175,2.67306E-10,0.000101959,0,0.000101959,0,0.00011215,0.0625004,1.57078E-10,1.57141E-17,3.14283E-17,0,0,0.708268,0.194117,0.219717,0.199293,0.153453,0.105571,0.0669761,0.0395233,0.0213502,0.24594,0.29712,0.245942,0.139472,0.0541729,0.0144053,0.00262107,0.000326141,0.00011215,0.000112154,0.999888,2.24398E-11,0.000112154,1.57078E-10,1.57141E-17,3.1428E-17,0
"MODRA CM 0.25 FSM 2 DM 1 LT 1.2 UPC 1.2E-05","0","NaN","721","PrecPower3",0.125,0.999895,0.000105334,0.3125,0.0001053,0.000105334,1,0.000105334,9.57494E-06,3,5.60225E-06,0.763881,0,0,1,0,0,0,0,0,1,1,0.0625007,0.0625007,,,0.000105334,,,,,1.47526E-10,1.47585E-17,2.95E-17,0,9.9999,9.99999,19.9999,0.000115868,1000,1000,1.05334E-05,1.185E-05,0,1.18501E-5,1.33317E-06,0,9.57592E-05,0.000106293,2.67308E-10,9.5759E-05,0,9.5759E-05,0,0.00010533,0.0625004,1.47526E-10,1.47585E-17,2.95171E-17,0,0,0.437027,0.153944,0.184878,0.182934,0.15825,0.125175,0.0923998,0.0633454,0.0390741,0.122434,0.215899,0.260828,0.215901,0.122436,0.0475556,0.0126456,0.0023009,0.00010533,0.000105334,0.999895,2.10752E-11,0.000105334,1.47526E-10,1.47585E-17,2.9517E-17,0
"MODRA CM 0.25 FSM 2 DM 1 LT 1.2 UPC 1.2E-05","0","NaN","721","PrecPower4",0.125,0.999898,0.000102231,0.4375,0.0001022,0.000102231,1,0.000102231,9.29287E-06,4,5.60226E-06,0.864188,0,0,0,1,0,0,0,0,1,1,0.0625007,0.0625007,,,0.000102231,,,,,1.4318E-10,1.43238E-17,2.86E-17,0,9.9999,9.99999,19.9999,0.000112454,1000,1000,1.02231E-05,1.1501E-5,0,1.1501E-05,1.2939E-06,0,9.29382E-05,0.000103161,2.67309E-10,9.2938E-05,0,9.2938E-05,0,0.00010223,0.0625004,1.4318E-10,1.43238E-17,2.86475E-17,0,0,0.146653,0.109091,0.141947,0.157034,0.156102,0.144143,0.12449,0.0986523,0.0685423,0.0454961,0.117134,0.206552,0.249536,0.206553,0.117134,0.0454964,0.012098,0.00010223,0.000102231,0.999898,2.04543E-11,0.000102231,1.4318E-10,1.43238E-17,2.8648E-17,0
"MODRA CM 0.25 FSM 2 DM 1 LT 1.2 UPC 1.2E-05","0","NaN","721","PrecPower5",0.125,0.999898,0.000102231,0.5625,0.0001022,0.000102231,1,0.000102231,9.29287E-06,5,5.60226E-06,0.95678,0,0,0,0,1,0,0,0,1,1,0.0625007,0.0625007,,,0.000102231,,,,,1.4318E-10,1.43238E-17,2.86E-17,0,9.9999,9.99999,19.9999,0.000112454,1000,1000,1.02231E-05,1.1501E-5,0,1.1501E-05,1.2939E-06,0,9.29382E-05,0.000103161,2.67309E-10,9.2938E-05,0,9.2938E-05,0,0.00010223,0.0625004,1.4318E-10,1.43238E-17,2.86475E-17,0,0,-0.146653,0.0685423,0.0986523,0.12449,0.144143,0.156102,0.157034,0.141947,0.109091,0.012098,0.0454964,0.117134,0.206553,0.249536,0.206552,0.117134,0.0454961,0.00010223,0.000102231,0.999898,2.04543E-11,0.000102231,1.4318E-10,1.43238E-17,2.8648E-17,0
"MODRA CM 0.25 FSM 2 DM 1 LT 1.2 UPC 1.2E-05","0","NaN","721","PrecPower6",0.125,0.999895,0.000105334,0.6875,0.0001053,0.000105334,1,0.000105334,9.57494E-06,6,5.60225E-06,1.04166,0,0,0,0,0,1,0,0,1,1,0.0625007,0.0625007,,,0.000105334,,,,,1.47526E-10,1.47585E-17,2.95E-17,0,9.9999,9.99999,19.9999,0.000115868,1000,1000,1.05334E-05,1.185E-05,0,1.18501E-5,1.33317E-06,0,9.57592E-05,0.000106293,2.67308E-10,9.57589E-05,0,9.57589E-05,0,0.00010533,0.0625004,1.47526E-10,1.47585E-17,2.95171E-17,0,0,-0.437027,0.0390741,0.0633454,0.0923998,0.125175,0.15825,0.182934,0.184878,0.153944,0.0023009,0.0126456,0.0475556,0.122436,0.215901,0.260828,0.215899,0.122434,0.00010533,0.000105334,0.999895,2.10752E-11,0.000105334,1.47526E-10,1.47585E-17,2.9517E-17,0
"MODRA CM 0.25 FSM 2 DM 1 LT 1.2 UPC 1.2E-05","0","NaN","721","PrecPower7",0.125,0.999888,0.000112154,0.8125,0.0001122,0.000112154,1,0.000112154,1.01949E-05,7,5.60225E-06,1.11882,0,0,0,0,0,0,1,0,1,1,0.0625007,0.0625007,,,0.000112154,,,,,1.57078E-10,1.57141E-17,3.14E-17,0,9.99989,9.99999,19.9999,0.00012337,1000,1000,1.12154E-05,1.2617E-5,0,1.26174E-5,1.41949E-06,0,0.000101959,0.000113175,2.67307E-10,0.000101959,0,0.000101959,0,0.00011215,0.0625004,1.57078E-10,1.57141E-17,3.14282E-17,0,0,-0.708268,0.0213502,0.0395233,0.0669761,0.105571,0.153453,0.199293,0.219717,0.194117,0.000326141,0.00262107,0.0144053,0.0541729,0.139472,0.245942,0.29712,0.24594,0.00011215,0.000112154,0.999888,2.24398E-11,0.000112154,1.57078E-10,1.57141E-17,3.1428E-17,0
"MODRA CM 0.25 FSM 2 DM 1 LT 1.2 UPC 1.2E-05","0","NaN","721","PrecPower8",0.125,0.99988,0.000120277,0.9375,0.0001203,0.000120277,1,0.000120277,1.09333E-05,8,5.60224E-06,1.18826,0,0,0,0,0,0,0,1,1,1,0.0625007,0.0625007,,,0.000120276,,,,,1.68455E-10,1.68522E-17,3.37E-17,0,9.99988,9.99999,19.9999,0.000132305,1000,1000,1.20277E-05,1.3531E-5,0,1.35312E-5,1.5223E-06,0,0.000109344,0.000121371,2.67305E-10,0.000109343,0,0.000109343,0,0.00012028,0.0625004,1.68455E-10,1.68522E-17,3.37044E-17,0,0,-0.936684,0.0120028,0.0255093,0.0498799,0.0898691,0.146448,0.207842,0.243923,0.224527,3.67796E-05,0.0004325,0.00347584,0.019103,0.0718393,0.184955,0.326145,0.394013,0.00012028,0.000120277,0.99988,2.4065E-11,0.000120276,1.68455E-10,1.68522E-17,3.3704E-17,0
"MODRA CM 0.25 FSM 2 DM 1 LT 1.2 UPC 1.2E-05","0","NaN","721","PrecLevel0",1,0.99989,0.000109999,0.5,0.00011,0.000109999,1,0.000109999,9.999E-06,4.5,0,0.891195,0.125001,0.125,0.124999,0.124999,0.124999,0.124999,0.125,0.125001,1,1,0.0625007,0.0625007,,,0.000109999,,,,,1.5406E-10,1.54122E-17,3.08E-17,0,9.99989,9.99999,19.9999,0.000120999,1000,1000,1.09999E-05,1.2375E-5,0,1.23749E-5,1.39222E-06,0,0.0001,0.000111,2.0008E-10,0.0001,0,0.0001,0,0.00011,0.0625004,1.5406E-10,1.54122E-17,3.08243E-17,0,0,-8.07326E-15,0.102831,0.127187,0.135106,0.134876,0.134876,0.135106,0.127187,0.102831,0.102831,0.127187,0.135106,0.134876,0.134876,0.135106,0.127187,0.102831,0.00011,0.000109999,0.99989,2.20086E-11,0.000109999,1.5406E-10,1.54122E-17,3.0824E-17,0
"MODRA CM 0.25 FSM 2 DM 1 LT 1.2 UPC 1.2E-05","0","NaN","721","PrecLevel1",2E-07,0.9999,9.97911E-05,0.5,9.9791E-5,9.97911E-05,1,9.97911E-05,9.9991E-06,4.5,1,0.809644,0.125001,0.125,0.124999,0.124999,0.124999,0.125,0.125,0.125001,1,1,0.0625007,0.0625007,,,9.9791E-05,,,,,1.39763E-10,1.39819E-17,2.80E-17,0,9.9999,9.99998,19.9999,0.00012177,1000,1000,9.97911E-06,1.1227E-5,0,1.12265E-5,1.26302E-06,0,0.000101792,0.000111771,1.2E-05,8.9792E-05,0,8.9792E-05,0,9.9791E-05,0.0625004,1.39763E-10,1.39819E-17,2.79638E-17,0,0,-9.55119E-15,0.102831,0.127187,0.135106,0.134876,0.134876,0.135106,0.127187,0.102831,0.102831,0.127187,0.135106,0.134876,0.134876,0.135106,0.127187,0.102831,9.97911E-5,9.97911E-05,0.9999,1.99662E-11,9.9791E-05,1.39763E-10,1.39819E-17,2.7964E-17,0
"MODRA CM 0.25 FSM 2 DM 1 LT 1.2 UPC 1.2E-05","0","NaN","721","PrecLevel2",2E-07,0.999909,9.058E-05,0.5,9.058E-05,9.058E-05,1,9.058E-05,9.99919E-06,4.5,2,0.724976,0.125001,0.125,0.124999,0.124999,0.124999,0.125,0.125,0.125001,1,1,0.0625007,0.0625007,,,9.05798E-05,,,,,1.26863E-10,1.26913E-17,2.54E-17,0,9.99991,9.99997,19.9999,0.000123638,1000,1000,9.058E-06,1.019E-05,0,1.01903E-5,1.14644E-06,0,0.000104581,0.000113639,2.4E-05,8.05808E-05,0,8.05808E-05,0,9.05798E-5,0.0625004,1.26863E-10,1.26913E-17,2.53827E-17,0,0,-1.03579E-15,0.102831,0.127187,0.135106,0.134876,0.134876,0.135106,0.127187,0.102831,0.102831,0.127187,0.135106,0.134876,0.134876,0.135106,0.127187,0.102831,9.058E-05,9.058E-05,0.999909,1.81232E-11,9.05798E-05,1.26863E-10,1.26913E-17,2.5383E-17,0
"MODRA CM 0.25 FSM 2 DM 1 LT 1.2 UPC 1.2E-05","0","NaN","721","PrecLevel3",2E-07,0.999918,8.2407E-05,0.5,8.2407E-5,8.2407E-05,1,8.2407E-05,9.99928E-06,4.5,3,0.636479,0.125001,0.125,0.125,0.124999,0.124999,0.125,0.125,0.125001,1,1,0.0625007,0.0625007,,,8.24068E-05,,,,,1.15416E-10,1.15462E-17,2.31E-17,0,9.99992,9.99995,19.9999,0.000126648,1000,1000,8.2407E-06,9.2708E-6,0,9.27082E-6,1.04299E-06,0,0.000108408,0.000116648,3.6E-05,7.24077E-05,0,7.24077E-05,0,8.24068E-5,0.0625004,1.15416E-10,1.15462E-17,2.30924E-17,0,0,-2.12295E-14,0.102831,0.127187,0.135106,0.134876,0.134876,0.135106,0.127187,0.102831,0.102831,0.127187,0.135106,0.134876,0.134876,0.135106,0.127187,0.102831,8.2407E-05,8.2407E-05,0.999918,1.64880E-11,8.24068E-05,1.15416E-10,1.15462E-17,2.3092E-17,0
"MODRA CM 0.25 FSM 2 DM 1 LT 1.2 UPC 1.2E-05","0","NaN","721","PrecLevel4",2E-07,0.999925,7.5324E-05,0.5,7.5324E-5,7.5324E-05,1,7.5324E-05,9.99935E-06,4.5,4,0.543093,0.125,0.125,0.125,0.124999,0.124999,0.125,0.125,0.125001,1,1,0.0625007,0.0625007,,,7.53238E-05,,,,,1.05496E-10,1.05538E-17,2.11E-17,0,9.99993,9.99994,19.9999,0.000130856,1000,1000,7.5324E-06,8.474E-06,0,8.47398E-6,9.53347E-07,0,0.000113325,0.000120857,4.8E-05,6.53246E-05,0,6.53246E-05,0,7.53238E-5,0.0625004,1.05496E-10,1.05538E-17,2.11076E-17,0,0,-1.03764E-14,0.102831,0.127187,0.135106,0.134876,0.134876,0.135106,0.127187,0.102831,0.102831,0.127187,0.135106,0.134876,0.134876,0.135106,0.127187,0.102831,7.5324E-05,7.5324E-05,0.999925,1.50708E-11,7.53238E-05,1.05496E-10,1.05538E-17,2.1108E-17,0
"MODRA CM 0.25 FSM 2 DM 1 LT 1.2 UPC 1.2E-05","0","NaN","721","PrecLevel5",2E-07,0.999931,6.9399E-05,0.500001,6.9399E-5,6.9399E-05,1,6.9399E-05,9.99941E-06,4.5,5,0.443097,0.125,0.125,0.125,0.124999,0.124999,0.125,0.125,0.125001,1,1,0.0625007,0.0625007,,,6.93989E-05,,,,,9.71974E-11,9.72363E-18,1.94E-17,0,9.99993,9.99993,19.9999,0.000136339,1000,1000,6.9399E-06,7.8074E-6,0,7.80742E-6,8.78357E-07,0,0.0001194,0.00012634,6E-05,5.93996E-05,0,5.93996E-05,0,6.93989E-5,0.0625004,9.71974E-11,9.72363E-18,1.94473E-17,0,0,-6.82612E-15,0.102831,0.127187,0.135106,0.134876,0.134876,0.135106,0.127187,0.102831,0.102831,0.127187,0.135106,0.134876,0.134876,0.135106,0.127187,0.102831,6.9399E-05,6.9399E-05,0.999931,1.38854E-11,6.93989E-05,9.71974E-11,9.72363E-18,1.9447E-17,0
"MODRA CM 0.25 FSM 2 DM 1 LT 1.2 UPC 1.2E-05","0","NaN","721","PrecLevel6",2E-07,0.999935,6.47284E-05,0.500001,6.4728E-5,6.47284E-05,1,6.47284E-05,9.99945E-06,4.50001,6,0.333286,0.125,0.125,0.125,0.124999,0.124999,0.125,0.125,0.125001,1,1,0.0625007,0.0625007,,,6.47283E-05,,,,,9.06559E-11,9.06923E-18,1.81E-17,0,9.99994,9.99992,19.9999,0.000143201,1000,1000,6.47284E-06,7.282E-06,0,7.28198E-6,8.19243E-07,0,0.000126729,0.000133202,7.2E-05,5.4729E-05,0,5.4729E-05,0,6.47283E-5,0.0625004,9.06559E-11,9.06923E-18,1.81384E-17,0,0,-2.88556E-14,0.102831,0.127187,0.135106,0.134876,0.134876,0.135106,0.127187,0.102831,0.102831,0.127187,0.135106,0.134876,0.134876,0.135106,0.127187,0.102831,6.47284E-5,6.47284E-05,0.999935,1.29509E-11,6.47283E-05,9.06559E-11,9.06923E-18,1.8138E-17,0
"MODRA CM 0.25 FSM 2 DM 1 LT 1.2 UPC 1.2E-05","0","NaN","721","PrecLevel7",2E-07,0.999939,6.14683E-05,0.500001,6.1468E-5,6.14683E-05,1,6.14683E-05,9.99949E-06,4.50001,7,0.205917,0.125,0.125,0.125,0.124999,0.124999,0.125,0.125,0.125001,1,1,0.0625007,0.0625007,,,6.14682E-05,,,,,8.609E-11,8.61245E-18,1.72E-17,0,9.99994,9.99991,19.9998,0.000151615,1000,1000,6.14683E-06,6.9152E-6,0,6.91521E-6,7.77981E-07,0,0.000135469,0.000141616,8.4E-05,5.14689E-05,0,5.14689E-05,0,6.14682E-5,0.0625004,8.609E-11,8.61245E-18,1.72249E-17,0,0,-1.51158E-14,0.102831,0.127187,0.135106,0.134876,0.134876,0.135106,0.127187,0.102831,0.102831,0.127187,0.135106,0.134876,0.134876,0.135106,0.127187,0.102831,6.14683E-5,6.14683E-05,0.999939,1.22986E-11,6.14682E-05,8.609E-11,8.61245E-18,1.7225E-17,0
"MODRA CM 0.25 FSM 2 DM 1 LT 1.2 UPC 1.2E-05","0","NaN","721","Rounds1",0.0001,0,1,0.5,1,1,1,1,0.0909009,4.5,3.62896E-06,0.890081,0.136681,0.127449,0.119698,0.116172,0.116172,0.119698,0.127449,0.136681,1,1,0.0625007,0.0625007,,,0.999999,,,,,1.40056E-06,1.40112E-13,2.8E-13,0,9.0125,9.8875,18.9,1.1,998.842,999.953,0.1,0.1125,0,0.1125,0.0126564,0,0.909099,1.0091,4.35476E-11,0.909099,0,0.909099,0,0.999999,0.0625004,1.40056E-06,1.40112E-13,2.80224E-13,0,0,-3.93606E-13,0.102831,0.127187,0.135106,0.134876,0.134876,0.135106,0.127187,0.102831,0.102831,0.127187,0.135106,0.134876,0.134876,0.135106,0.127187,0.102831,1,1,0,0,0.999999,1.40056E-06,1.40112E-13,2.8022E-13,0
"MODRA CM 0.25 FSM 2 DM 1 LT 1.2 UPC 1.2E-05","0","NaN","721","PrePrimary1",0,,,,,,,,,,,,,,,,,,,,,,,,,,,,,,,,,,,,,,,,,,,,,,,,,,,,,,,,,,,,,,,,,,,,,,,,,,,,,,,,,,,,,,
"MODRA CM 0.25 FSM 2 DM 1 LT 1.2 UPC 1.2E-05","0","NaN","721","PrePrimary2",0,,,,,,,,,,,,,,,,,,,,,,,,,,,,,,,,,,,,,,,,,,,,,,,,,,,,,,,,,,,,,,,,,,,,,,,,,,,,,,,,,,,,,,
"MODRA CM 0.25 FSM 2 DM 1 LT 1.2 UPC 1.2E-05","0","NaN","721","PrePrimary3",0,,,,,,,,,,,,,,,,,,,,,,,,,,,,,,,,,,,,,,,,,,,,,,,,,,,,,,,,,,,,,,,,,,,,,,,,,,,,,,,,,,,,,,
"MODRA CM 0.25 FSM 2 DM 1 LT 1.2 UPC 1.2E-05","0","NaN","721","PrePrimary4",0,,,,,,,,,,,,,,,,,,,,,,,,,,,,,,,,,,,,,,,,,,,,,,,,,,,,,,,,,,,,,,,,,,,,,,,,,,,,,,,,,,,,,,
"MODRA CM 0.25 FSM 2 DM 1 LT 1.2 UPC 1.2E-05","0","NaN","721","PrePrimary5",0,,,,,,,,,,,,,,,,,,,,,,,,,,,,,,,,,,,,,,,,,,,,,,,,,,,,,,,,,,,,,,,,,,,,,,,,,,,,,,,,,,,,,,
"MODRA CM 0.25 FSM 2 DM 1 LT 1.2 UPC 1.2E-05","0","NaN","721","PrePrimary6",0,,,,,,,,,,,,,,,,,,,,,,,,,,,,,,,,,,,,,,,,,,,,,,,,,,,,,,,,,,,,,,,,,,,,,,,,,,,,,,,,,,,,,,
"MODRA CM 0.25 FSM 2 DM 1 LT 1.2 UPC 1.2E-05","0","NaN","721","PrePrimary7",0,,,,,,,,,,,,,,,,,,,,,,,,,,,,,,,,,,,,,,,,,,,,,,,,,,,,,,,,,,,,,,,,,,,,,,,,,,,,,,,,,,,,,,
"MODRA CM 0.25 FSM 2 DM 1 LT 1.2 UPC 1.2E-05","0","NaN","721","PrePrimary8",0,,,,,,,,,,,,,,,,,,,,,,,,,,,,,,,,,,,,,,,,,,,,,,,,,,,,,,,,,,,,,,,,,,,,,,,,,,,,,,,,,,,,,,
"MODRA CM 0.25 FSM 2 DM 1 LT 1.2 UPC 1.2E-05","0","NaN","721","PrePrimary9",0,,,,,,,,,,,,,,,,,,,,,,,,,,,,,,,,,,,,,,,,,,,,,,,,,,,,,,,,,,,,,,,,,,,,,,,,,,,,,,,,,,,,,,
"MODRA CM 0.25 FSM 2 DM 1 LT 1.2 UPC 1.2E-05","0","NaN","721","PrePrimary10",0,,,,,,,,,,,,,,,,,,,,,,,,,,,,,,,,,,,,,,,,,,,,,,,,,,,,,,,,,,,,,,,,,,,,,,,,,,,,,,,,,,,,,,
"MODRA CM 0.25 FSM 2 DM 1 LT 1.2 UPC 1.2E-05","0","NaN","721","Truly Liable",0,,,,,,,,,,,,,,,,,,,,,,,,,,,,,,,,,,,,,,,,,,,,,,,,,,,,,,,,,,,,,,,,,,,,,,,,,,,,,,,,,,,,,,
"MODRA CM 0.25 FSM 2 DM 1 LT 1.2 UPC 1.2E-05","0","NaN","721","Truly Not Liable",0.0001,0,1,0.5,1,1,1,1,0.0909009,4.5,3.62896E-06,0.890081,0.136681,0.127449,0.119698,0.116172,0.116172,0.119698,0.127449,0.136681,1,1,0.0625007,0.0625007,,,0.999998,,,,,1.40056E-06,1.40112E-13,2.8E-13,0,9.0125,9.8875,18.9,1.1,998.842,999.953,0.1,0.1125,0,0.1125,0.0126566,0,0.909099,1.0091,4.35476E-11,0.909099,0,0.909099,0,0.999998,0.0625004,1.40056E-06,1.40112E-13,2.80224E-13,0,0,-4.18979E-13,0.102831,0.127187,0.135106,0.134876,0.134876,0.135106,0.127187,0.102831,0.102831,0.127187,0.135106,0.134876,0.134876,0.135106,0.127187,0.102831,1,1,2.0008E-07,2.0008E-07,0.999998,1.40056E-06,1.40112E-13,2.8022E-13,0
"MODRA CM 0.25 FSM 2 DM 1 LT 1.2 UPC 1.2E-05","0","NaN","721","Liability Strength1",0.125,0.99988,0.000120277,0.0625,0.0001203,0.000120277,1,0.000120277,1.09333E-05,1,5.6022E-06,0.540118,1,0,0,0,0,0,0,0,1,1,0.0625007,0.0625007,,,0.000120277,,,,,1.68455E-10,1.68522E-17,3.37E-17,0,9.99988,9.99999,19.9999,0.000132305,1000,1000,1.20277E-05,1.3531E-5,0,1.35312E-5,1.5223E-06,0,0.000109344,0.000121371,2.67304E-10,0.000109343,0,0.000109343,0,0.00012028,0.0625004,1.68455E-10,1.68522E-17,3.37044E-17,0,0,0.936684,0.224527,0.243923,0.207842,0.146448,0.0898691,0.0498799,0.0255093,0.0120028,0.394013,0.326145,0.184955,0.0718393,0.019103,0.00347584,0.0004325,3.67796E-05,0.00012028,0.000120277,0.99988,2.4065E-11,0.000120277,1.68455E-10,1.68522E-17,3.3704E-17,0
"MODRA CM 0.25 FSM 2 DM 1 LT 1.2 UPC 1.2E-05","0","NaN","721","Liability Strength2",0.125,0.999888,0.000112154,0.1875,0.0001122,0.000112154,1,0.000112154,1.01949E-05,2,5.60223E-06,0.655857,0,1,0,0,0,0,0,0,1,1,0.0625007,0.0625007,,,0.000112154,,,,,1.57078E-10,1.57141E-17,3.14E-17,0,9.99989,9.99999,19.9999,0.00012337,1000,1000,1.12154E-05,1.2617E-5,0,1.26174E-5,1.41949E-06,0,0.000101959,0.000113175,2.67306E-10,0.000101959,0,0.000101959,0,0.00011215,0.0625004,1.57078E-10,1.57141E-17,3.14283E-17,0,0,0.708268,0.194117,0.219717,0.199293,0.153453,0.105571,0.0669761,0.0395233,0.0213502,0.24594,0.29712,0.245942,0.139472,0.0541729,0.0144053,0.00262107,0.000326141,0.00011215,0.000112154,0.999888,2.24398E-11,0.000112154,1.57078E-10,1.57141E-17,3.1428E-17,0
"MODRA CM 0.25 FSM 2 DM 1 LT 1.2 UPC 1.2E-05","0","NaN","721","Liability Strength3",0.125,0.999895,0.000105334,0.3125,0.0001053,0.000105334,1,0.000105334,9.57494E-06,3,5.60225E-06,0.763881,0,0,1,0,0,0,0,0,1,1,0.0625007,0.0625007,,,0.000105334,,,,,1.47526E-10,1.47585E-17,2.95E-17,0,9.9999,9.99999,19.9999,0.000115868,1000,1000,1.05334E-05,1.185E-05,0,1.18501E-5,1.33317E-06,0,9.57592E-05,0.000106293,2.67308E-10,9.5759E-05,0,9.5759E-05,0,0.00010533,0.0625004,1.47526E-10,1.47585E-17,2.95171E-17,0,0,0.437027,0.153944,0.184878,0.182934,0.15825,0.125175,0.0923998,0.0633454,0.0390741,0.122434,0.215899,0.260828,0.215901,0.122436,0.0475556,0.0126456,0.0023009,0.00010533,0.000105334,0.999895,2.10752E-11,0.000105334,1.47526E-10,1.47585E-17,2.9517E-17,0
"MODRA CM 0.25 FSM 2 DM 1 LT 1.2 UPC 1.2E-05","0","NaN","721","Liability Strength4",0.125,0.999898,0.000102231,0.4375,0.0001022,0.000102231,1,0.000102231,9.29287E-06,4,5.60226E-06,0.864188,0,0,0,1,0,0,0,0,1,1,0.0625007,0.0625007,,,0.000102231,,,,,1.4318E-10,1.43238E-17,2.86E-17,0,9.9999,9.99999,19.9999,0.000112454,1000,1000,1.02231E-05,1.1501E-5,0,1.1501E-05,1.2939E-06,0,9.29382E-05,0.000103161,2.67309E-10,9.2938E-05,0,9.2938E-05,0,0.00010223,0.0625004,1.4318E-10,1.43238E-17,2.86475E-17,0,0,0.146653,0.109091,0.141947,0.157034,0.156102,0.144143,0.12449,0.0986523,0.0685423,0.0454961,0.117134,0.206552,0.249536,0.206553,0.117134,0.0454964,0.012098,0.00010223,0.000102231,0.999898,2.04543E-11,0.000102231,1.4318E-10,1.43238E-17,2.8648E-17,0
"MODRA CM 0.25 FSM 2 DM 1 LT 1.2 UPC 1.2E-05","0","NaN","721","Liability Strength5",0.125,0.999898,0.000102231,0.5625,0.0001022,0.000102231,1,0.000102231,9.29287E-06,5,5.60226E-06,0.95678,0,0,0,0,1,0,0,0,1,1,0.0625007,0.0625007,,,0.000102231,,,,,1.4318E-10,1.43238E-17,2.86E-17,0,9.9999,9.99999,19.9999,0.000112454,1000,1000,1.02231E-05,1.1501E-5,0,1.1501E-05,1.2939E-06,0,9.29382E-05,0.000103161,2.67309E-10,9.2938E-05,0,9.2938E-05,0,0.00010223,0.0625004,1.4318E-10,1.43238E-17,2.86475E-17,0,0,-0.146653,0.0685423,0.0986523,0.12449,0.144143,0.156102,0.157034,0.141947,0.109091,0.012098,0.0454964,0.117134,0.206553,0.249536,0.206552,0.117134,0.0454961,0.00010223,0.000102231,0.999898,2.04543E-11,0.000102231,1.4318E-10,1.43238E-17,2.8648E-17,0
"MODRA CM 0.25 FSM 2 DM 1 LT 1.2 UPC 1.2E-05","0","NaN","721","Liability Strength6",0.125,0.999895,0.000105334,0.6875,0.0001053,0.000105334,1,0.000105334,9.57494E-06,6,5.60225E-06,1.04166,0,0,0,0,0,1,0,0,1,1,0.0625007,0.0625007,,,0.000105334,,,,,1.47526E-10,1.47585E-17,2.95E-17,0,9.9999,9.99999,19.9999,0.000115868,1000,1000,1.05334E-05,1.185E-05,0,1.18501E-5,1.33317E-06,0,9.57592E-05,0.000106293,2.67308E-10,9.57589E-05,0,9.57589E-05,0,0.00010533,0.0625004,1.47526E-10,1.47585E-17,2.95171E-17,0,0,-0.437027,0.0390741,0.0633454,0.0923998,0.125175,0.15825,0.182934,0.184878,0.153944,0.0023009,0.0126456,0.0475556,0.122436,0.215901,0.260828,0.215899,0.122434,0.00010533,0.000105334,0.999895,2.10752E-11,0.000105334,1.47526E-10,1.47585E-17,2.9517E-17,0
"MODRA CM 0.25 FSM 2 DM 1 LT 1.2 UPC 1.2E-05","0","NaN","721","Liability Strength7",0.125,0.999888,0.000112154,0.8125,0.0001122,0.000112154,1,0.000112154,1.01949E-05,7,5.60225E-06,1.11882,0,0,0,0,0,0,1,0,1,1,0.0625007,0.0625007,,,0.000112154,,,,,1.57078E-10,1.57141E-17,3.14E-17,0,9.99989,9.99999,19.9999,0.00012337,1000,1000,1.12154E-05,1.2617E-5,0,1.26174E-5,1.41949E-06,0,0.000101959,0.000113175,2.67307E-10,0.000101959,0,0.000101959,0,0.00011215,0.0625004,1.57078E-10,1.57141E-17,3.14282E-17,0,0,-0.708268,0.0213502,0.0395233,0.0669761,0.105571,0.153453,0.199293,0.219717,0.194117,0.000326141,0.00262107,0.0144053,0.0541729,0.139472,0.245942,0.29712,0.24594,0.00011215,0.000112154,0.999888,2.24398E-11,0.000112154,1.57078E-10,1.57141E-17,3.1428E-17,0
"MODRA CM 0.25 FSM 2 DM 1 LT 1.2 UPC 1.2E-05","0","NaN","721","Liability Strength8",0.125,0.99988,0.000120277,0.9375,0.0001203,0.000120277,1,0.000120277,1.09333E-05,8,5.60224E-06,1.18826,0,0,0,0,0,0,0,1,1,1,0.0625007,0.0625007,,,0.000120276,,,,,1.68455E-10,1.68522E-17,3.37E-17,0,9.99988,9.99999,19.9999,0.000132305,1000,1000,1.20277E-05,1.3531E-5,0,1.35312E-5,1.5223E-06,0,0.000109344,0.000121371,2.67305E-10,0.000109343,0,0.000109343,0,0.00012028,0.0625004,1.68455E-10,1.68522E-17,3.37044E-17,0,0,-0.936684,0.0120028,0.0255093,0.0498799,0.0898691,0.146448,0.207842,0.243923,0.224527,3.67796E-05,0.0004325,0.00347584,0.019103,0.0718393,0.184955,0.326145,0.394013,0.00012028,0.000120277,0.99988,2.4065E-11,0.000120276,1.68455E-10,1.68522E-17,3.3704E-17,0
"MODRA CM 0.25 FSM 2 DM 1 LT 1.2 UPC 1.2E-05","0","NaN","721","PLiabilitySignal1",0.1028,0.99989,0.000109999,0.292084,0.00011,0.000109999,1,0.000109999,9.999E-06,2.83667,5.60224E-06,0.735289,0.272934,0.235966,0.187132,0.132608,0.0833183,0.0474977,0.0259531,0.0145906,1,1,0.0625007,0.0625007,,,0.000109999,,,,,1.5406E-10,1.54122E-17,3.08E-17,0,9.99989,9.99999,19.9999,0.000120999,1000,1000,1.09999E-05,1.2375E-5,0,1.23749E-5,1.39221E-06,0,0.0001,0.000111,2.67307E-10,9.99999E-05,0,9.99999E-05,0,0.00011,0.0625004,1.5406E-10,1.54122E-17,3.08243E-17,0,0,-1.50627,1,0,0,0,0,0,0,0,0.283165,0.284353,0.214217,0.12544,0.0593233,0.0234005,0.00784805,0.00225338,0.00011,0.000109999,0.99989,2.20086E-11,0.000109999,1.5406E-10,1.54122E-17,3.0824E-17,0
"MODRA CM 0.25 FSM 2 DM 1 LT 1.2 UPC 1.2E-05","0","NaN","721","PLiabilitySignal2",0.1272,0.99989,0.000109999,0.325689,0.00011,0.000109999,1,0.000109999,9.999E-06,3.10551,5.60224E-06,0.761327,0.239731,0.21594,0.181698,0.139505,0.0969553,0.0622559,0.0388439,0.0250709,1,1,0.0625007,0.0625007,,,0.000109999,,,,,1.5406E-10,1.54122E-17,3.08E-17,0,9.99989,9.99999,19.9999,0.000120999,1000,1000,1.09999E-05,1.2375E-5,0,1.23749E-5,1.39221E-06,0,0.0001,0.000111,2.67307E-10,9.99999E-05,0,9.99999E-05,0,0.00011,0.0625004,1.5406E-10,1.54122E-17,3.08243E-17,0,0,-0.837045,0,1,0,0,0,0,0,0,0.2299,0.252798,0.216092,0.149198,0.0859312,0.0420859,0.01765,0.00634518,0.00011,0.000109999,0.99989,2.20086E-11,0.000109999,1.5406E-10,1.54122E-17,3.0824E-17,0
"MODRA CM 0.25 FSM 2 DM 1 LT 1.2 UPC 1.2E-05","0","NaN","721","PLiabilitySignal3",0.1351,0.99989,0.000109999,0.380217,0.00011,0.000109999,1,0.000109999,9.999E-06,3.54174,5.60224E-06,0.80305,0.192297,0.184386,0.169249,0.145286,0.115177,0.085488,0.0619664,0.0461494,1,1,0.0625007,0.0625007,,,0.000109999,,,,,1.5406E-10,1.54122E-17,3.08E-17,0,9.99989,9.99999,19.9999,0.000120999,1000,1000,1.09999E-05,1.2375E-5,0,1.23749E-5,1.39221E-06,0,0.0001,0.000111,2.67307E-10,9.99999E-05,0,9.99999E-05,0,0.00011,0.0625004,1.5406E-10,1.54122E-17,3.08243E-17,0,0,-0.36328,0,0,1,0,0,0,0,0,0.163043,0.203426,0.205016,0.172371,0.123246,0.0754669,0.0396191,0.0178105,0.00011,0.000109999,0.99989,2.20086E-11,0.000109999,1.5406E-10,1.54122E-17,3.0824E-17,0
"MODRA CM 0.25 FSM 2 DM 1 LT 1.2 UPC 1.2E-05","0","NaN","721","PLiabilitySignal4",0.1349,0.99989,0.000109999,0.456752,0.00011,0.000109999,1,0.000109999,9.999E-06,4.15401,5.60224E-06,0.860726,0.135726,0.142217,0.146661,0.14467,0.133587,0.116009,0.0978408,0.0832894,1,1,0.0625007,0.0625007,,,0.000109999,,,,,1.5406E-10,1.54122E-17,3.08E-17,0,9.99989,9.99999,19.9999,0.000120999,1000,1000,1.09999E-05,1.2375E-5,0,1.23749E-5,1.39221E-06,0,0.0001,0.000111,2.67307E-10,9.99999E-05,0,9.99999E-05,0,0.00011,0.0625004,1.5406E-10,1.54122E-17,3.08243E-17,0,0,-0.0910439,0,0,0,1,0,0,0,0,0.0956372,0.140692,0.172665,0.180209,0.16108,0.123456,0.0810322,0.0452287,0.00011,0.000109999,0.99989,2.20086E-11,0.000109999,1.5406E-10,1.54122E-17,3.0824E-17,0
"MODRA CM 0.25 FSM 2 DM 1 LT 1.2 UPC 1.2E-05","0","NaN","721","PLiabilitySignal5",0.1349,0.99989,0.000109999,0.543248,0.00011,0.000109999,1,0.000109999,9.999E-06,4.84599,5.60224E-06,0.924797,0.0832894,0.0978408,0.116009,0.133587,0.14467,0.146661,0.142217,0.135726,1,1,0.0625007,0.0625007,,,0.000109999,,,,,1.5406E-10,1.54122E-17,3.08E-17,0,9.99989,9.99999,19.9999,0.000120999,1000,1000,1.09999E-05,1.2375E-5,0,1.23749E-5,1.39221E-06,0,0.0001,0.000111,2.67307E-10,9.99999E-05,0,9.99999E-05,0,0.00011,0.0625004,1.5406E-10,1.54122E-17,3.08243E-17,0,0,0.0910439,0,0,0,0,1,0,0,0,0.0452287,0.0810322,0.123456,0.16108,0.180209,0.172665,0.140692,0.0956372,0.00011,0.000109999,0.99989,2.20086E-11,0.000109999,1.5406E-10,1.54122E-17,3.0824E-17,0
"MODRA CM 0.25 FSM 2 DM 1 LT 1.2 UPC 1.2E-05","0","NaN","721","PLiabilitySignal6",0.1351,0.99989,0.000109999,0.619783,0.00011,0.000109999,1,0.000109999,9.999E-06,5.45826,5.60224E-06,0.980504,0.0461494,0.0619664,0.085488,0.115177,0.145286,0.169249,0.184386,0.192297,1,1,0.0625007,0.0625007,,,0.000109999,,,,,1.5406E-10,1.54122E-17,3.08E-17,0,9.99989,9.99999,19.9999,0.000120999,1000,1000,1.09999E-05,1.2375E-5,0,1.23749E-5,1.39221E-06,0,0.0001,0.000111,2.67307E-10,9.99999E-05,0,9.99999E-05,0,0.00011,0.0625004,1.5406E-10,1.54122E-17,3.08243E-17,0,0,0.36328,0,0,0,0,0,1,0,0,0.0178105,0.0396191,0.0754669,0.123246,0.172371,0.205016,0.203426,0.163043,0.00011,0.000109999,0.99989,2.20086E-11,0.000109999,1.5406E-10,1.54122E-17,3.0824E-17,0
"MODRA CM 0.25 FSM 2 DM 1 LT 1.2 UPC 1.2E-05","0","NaN","721","PLiabilitySignal7",0.1272,0.99989,0.000109999,0.674311,0.00011,0.000109999,1,0.000109999,9.999E-06,5.89449,5.60224E-06,1.01956,0.0250709,0.0388439,0.0622559,0.0969553,0.139505,0.181698,0.21594,0.239731,1,1,0.0625007,0.0625007,,,0.000109999,,,,,1.5406E-10,1.54122E-17,3.08E-17,0,9.99989,9.99999,19.9999,0.000120999,1000,1000,1.09999E-05,1.2375E-5,0,1.23749E-5,1.39221E-06,0,0.0001,0.000111,2.67307E-10,9.99999E-05,0,9.99999E-05,0,0.00011,0.0625004,1.5406E-10,1.54122E-17,3.08243E-17,0,0,0.837045,0,0,0,0,0,0,1,0,0.00634518,0.01765,0.0420859,0.0859312,0.149198,0.216092,0.252798,0.2299,0.00011,0.000109999,0.99989,2.20086E-11,0.000109999,1.5406E-10,1.54122E-17,3.0824E-17,0
"MODRA CM 0.25 FSM 2 DM 1 LT 1.2 UPC 1.2E-05","0","NaN","721","PLiabilitySignal8",0.1028,0.99989,0.000109999,0.707916,0.00011,0.000109999,1,0.000109999,9.999E-06,6.16333,5.60224E-06,1.04331,0.0145906,0.0259531,0.0474977,0.0833183,0.132608,0.187132,0.235966,0.272934,1,1,0.0625007,0.0625007,,,0.000109999,,,,,1.5406E-10,1.54122E-17,3.08E-17,0,9.99989,9.99999,19.9999,0.000120999,1000,1000,1.09999E-05,1.2375E-5,0,1.23749E-5,1.39221E-06,0,0.0001,0.000111,2.67307E-10,9.99999E-05,0,9.99999E-05,0,0.00011,0.0625004,1.5406E-10,1.54122E-17,3.08243E-17,0,0,1.50627,0,0,0,0,0,0,0,1,0.00225338,0.00784805,0.0234005,0.0593233,0.12544,0.214217,0.284353,0.283165,0.00011,0.000109999,0.99989,2.20086E-11,0.000109999,1.5406E-10,1.54122E-17,3.0824E-17,0
"MODRA CM 0.25 FSM 2 DM 1 LT 1.2 UPC 1.2E-05","0","NaN","721","DLiabilitySignal1",0.1028,0.99989,0.000109999,0.167254,0.00011,0.000109999,1,0.000109999,9.999E-06,1.83803,5.60224E-06,0.633733,0.478961,0.298962,0.148829,0.055304,0.0147061,0.00279692,0.000396453,4.47092E-05,1,1,0.0625007,0.0625007,,,0.000109999,,,,,1.5406E-10,1.54122E-17,3.08E-17,0,9.99989,9.99999,19.9999,0.000120999,1000,1000,1.09999E-05,1.2375E-5,0,1.23749E-5,1.39221E-06,0,0.0001,0.000111,2.67307E-10,9.99999E-05,0,9.99999E-05,0,0.00011,0.0625004,1.5406E-10,1.54122E-17,3.08243E-17,0,0,1.50627,0.283165,0.284353,0.214217,0.12544,0.0593233,0.0234005,0.00784805,0.00225338,1,0,0,0,0,0,0,0,0.00011,0.000109999,0.99989,2.20086E-11,0.000109999,1.5406E-10,1.54122E-17,3.0824E-17,0
"MODRA CM 0.25 FSM 2 DM 1 LT 1.2 UPC 1.2E-05","0","NaN","721","DLiabilitySignal2",0.1272,0.99989,0.000109999,0.227646,0.00011,0.000109999,1,0.000109999,9.999E-06,2.32117,5.60224E-06,0.685331,0.32054,0.292012,0.212186,0.115119,0.0447137,0.0124281,0.00257601,0.000425067,1,1,0.0625007,0.0625007,,,0.000109999,,,,,1.5406E-10,1.54122E-17,3.08E-17,0,9.99989,9.99999,19.9999,0.000120999,1000,1000,1.09999E-05,1.2375E-5,0,1.23749E-5,1.39221E-06,0,0.0001,0.000111,2.67307E-10,9.99999E-05,0,9.99999E-05,0,0.00011,0.0625004,1.5406E-10,1.54122E-17,3.08243E-17,0,0,0.837045,0.2299,0.252798,0.216092,0.149198,0.0859312,0.0420859,0.01765,0.00634518,0,1,0,0,0,0,0,0,0.00011,0.000109999,0.99989,2.20086E-11,0.000109999,1.5406E-10,1.54122E-17,3.0824E-17,0
"MODRA CM 0.25 FSM 2 DM 1 LT 1.2 UPC 1.2E-05","0","NaN","721","DLiabilitySignal3",0.1351,0.99989,0.000109999,0.31743,0.00011,0.000109999,1,0.000109999,9.999E-06,3.03944,5.60224E-06,0.7594,0.171122,0.227546,0.241317,0.191101,0.108372,0.0439982,0.0133278,0.00321588,1,1,0.0625007,0.0625007,,,0.000109999,,,,,1.5406E-10,1.54122E-17,3.08E-17,0,9.99989,9.99999,19.9999,0.000120999,1000,1000,1.09999E-05,1.2375E-5,0,1.23749E-5,1.39221E-06,0,0.0001,0.000111,2.67307E-10,9.99999E-05,0,9.99999E-05,0,0.00011,0.0625004,1.5406E-10,1.54122E-17,3.08243E-17,0,0,0.36328,0.163043,0.203426,0.205016,0.172371,0.123246,0.0754669,0.0396191,0.0178105,0,0,1,0,0,0,0,0,0.00011,0.000109999,0.99989,2.20086E-11,0.000109999,1.5406E-10,1.54122E-17,3.0824E-17,0
"MODRA CM 0.25 FSM 2 DM 1 LT 1.2 UPC 1.2E-05","0","NaN","721","DLiabilitySignal4",0.1349,0.99989,0.000109999,0.435182,0.00011,0.000109999,1,0.000109999,9.999E-06,3.98145,5.60224E-06,0.851995,0.0665796,0.12926,0.200091,0.231262,0.191427,0.11347,0.0502063,0.0177044,1,1,0.0625007,0.0625007,,,0.000109999,,,,,1.5406E-10,1.54122E-17,3.08E-17,0,9.99989,9.99999,19.9999,0.000120999,1000,1000,1.09999E-05,1.2375E-5,0,1.23749E-5,1.39221E-06,0,0.0001,0.000111,2.67307E-10,9.99999E-05,0,9.99999E-05,0,0.00011,0.0625004,1.5406E-10,1.54122E-17,3.08243E-17,0,0,0.0910439,0.0956372,0.140692,0.172665,0.180209,0.16108,0.123456,0.0810322,0.0452287,0,0,0,1,0,0,0,0,0.00011,0.000109999,0.99989,2.20086E-11,0.000109999,1.5406E-10,1.54122E-17,3.0824E-17,0
"MODRA CM 0.25 FSM 2 DM 1 LT 1.2 UPC 1.2E-05","0","NaN","721","DLiabilitySignal5",0.1349,0.99989,0.000109999,0.564818,0.00011,0.000109999,1,0.000109999,9.999E-06,5.01855,5.60224E-06,0.948021,0.0177044,0.0502063,0.11347,0.191427,0.231262,0.200091,0.12926,0.0665796,1,1,0.0625007,0.0625007,,,0.000109999,,,,,1.5406E-10,1.54122E-17,3.08E-17,0,9.99989,9.99999,19.9999,0.000120999,1000,1000,1.09999E-05,1.2375E-5,0,1.23749E-5,1.39221E-06,0,0.0001,0.000111,2.67307E-10,9.99999E-05,0,9.99999E-05,0,0.00011,0.0625004,1.5406E-10,1.54122E-17,3.08243E-17,0,0,-0.0910439,0.0452287,0.0810322,0.123456,0.16108,0.180209,0.172665,0.140692,0.0956372,0,0,0,0,1,0,0,0,0.00011,0.000109999,0.99989,2.20086E-11,0.000109999,1.5406E-10,1.54122E-17,3.0824E-17,0
"MODRA CM 0.25 FSM 2 DM 1 LT 1.2 UPC 1.2E-05","0","NaN","721","DLiabilitySignal6",0.1351,0.99989,0.000109999,0.68257,0.00011,0.000109999,1,0.000109999,9.999E-06,5.96056,5.60224E-06,1.02987,0.00321588,0.0133278,0.0439982,0.108372,0.191101,0.241317,0.227546,0.171122,1,1,0.0625007,0.0625007,,,0.000109999,,,,,1.5406E-10,1.54122E-17,3.08E-17,0,9.99989,9.99999,19.9999,0.000120999,1000,1000,1.09999E-05,1.2375E-5,0,1.23749E-5,1.39221E-06,0,0.0001,0.000111,2.67307E-10,9.99999E-05,0,9.99999E-05,0,0.00011,0.0625004,1.5406E-10,1.54122E-17,3.08243E-17,0,0,-0.36328,0.0178105,0.0396191,0.0754669,0.123246,0.172371,0.205016,0.203426,0.163043,0,0,0,0,0,1,0,0,0.00011,0.000109999,0.99989,2.20086E-11,0.000109999,1.5406E-10,1.54122E-17,3.0824E-17,0
"MODRA CM 0.25 FSM 2 DM 1 LT 1.2 UPC 1.2E-05","0","NaN","721","DLiabilitySignal7",0.1272,0.99989,0.000109999,0.772354,0.00011,0.000109999,1,0.000109999,9.999E-06,6.67883,5.60224E-06,1.08881,0.000425067,0.00257601,0.0124281,0.0447137,0.115119,0.212186,0.292012,0.32054,1,1,0.0625007,0.0625007,,,0.000109999,,,,,1.5406E-10,1.54122E-17,3.08E-17,0,9.99989,9.99999,19.9999,0.000120999,1000,1000,1.09999E-05,1.2375E-5,0,1.23749E-5,1.39221E-06,0,0.0001,0.000111,2.67307E-10,9.99999E-05,0,9.99999E-05,0,0.00011,0.0625004,1.5406E-10,1.54122E-17,3.08243E-17,0,0,-0.837045,0.00634518,0.01765,0.0420859,0.0859312,0.149198,0.216092,0.252798,0.2299,0,0,0,0,0,0,1,0,0.00011,0.000109999,0.99989,2.20086E-11,0.000109999,1.5406E-10,1.54122E-17,3.0824E-17,0
"MODRA CM 0.25 FSM 2 DM 1 LT 1.2 UPC 1.2E-05","0","NaN","721","DLiabilitySignal8",0.1028,0.99989,0.000109999,0.832746,0.00011,0.000109999,1,0.000109999,9.999E-06,7.16197,5.60224E-06,1.12668,4.47092E-05,0.000396453,0.00279692,0.0147061,0.055304,0.148829,0.298962,0.478961,1,1,0.0625007,0.0625007,,,0.000109999,,,,,1.5406E-10,1.54122E-17,3.08E-17,0,9.99989,9.99999,19.9999,0.000120999,1000,1000,1.09999E-05,1.2375E-5,0,1.23749E-5,1.39221E-06,0,0.0001,0.000111,2.67307E-10,9.99999E-05,0,9.99999E-05,0,0.00011,0.0625004,1.5406E-10,1.54122E-17,3.08243E-17,0,0,-1.50627,0.00225338,0.00784805,0.0234005,0.0593233,0.12544,0.214217,0.284353,0.283165,0,0,0,0,0,0,0,1,0.00011,0.000109999,0.99989,2.20086E-11,0.000109999,1.5406E-10,1.54122E-17,3.0824E-17,0
"MODRA CM 0.25 FSM 2 DM 1 LT 1.2 UPC 1.2E-05","0","NaN","721","High Quality",0.125,0.99988,0.000120277,0.9375,0.0001203,0.000120277,1,0.000120277,1.09333E-05,8,5.60224E-06,1.18826,0,0,0,0,0,0,0,1,1,1,0.0625007,0.0625007,,,0.000120276,,,,,1.68455E-10,1.68522E-17,3.37E-17,0,9.99988,9.99999,19.9999,0.000132305,1000,1000,1.20277E-05,1.3531E-5,0,1.35312E-5,1.5223E-06,0,0.000109344,0.000121371,2.67305E-10,0.000109343,0,0.000109343,0,0.00012028,0.0625004,1.68455E-10,1.68522E-17,3.37044E-17,0,0,-0.936684,0.0120028,0.0255093,0.0498799,0.0898691,0.146448,0.207842,0.243923,0.224527,3.67796E-05,0.0004325,0.00347584,0.019103,0.0718393,0.184955,0.326145,0.394013,0.00012028,0.000120277,0.99988,2.4065E-11,0.000120276,1.68455E-10,1.68522E-17,3.3704E-17,0
"MODRA CM 0.25 FSM 2 DM 1 LT 1.2 UPC 1.2E-05","0","NaN","721","PLiabilitySignal 1",0.1028,0.99989,0.000109999,0.292084,0.00011,0.000109999,1,0.000109999,9.999E-06,2.83667,5.60224E-06,0.735289,0.272934,0.235966,0.187132,0.132608,0.0833183,0.0474977,0.0259531,0.0145906,1,1,0.0625007,0.0625007,,,0.000109999,,,,,1.5406E-10,1.54122E-17,3.08E-17,0,9.99989,9.99999,19.9999,0.000120999,1000,1000,1.09999E-05,1.2375E-5,0,1.23749E-5,1.39221E-06,0,0.0001,0.000111,2.67307E-10,9.99999E-05,0,9.99999E-05,0,0.00011,0.0625004,1.5406E-10,1.54122E-17,3.08243E-17,0,0,-1.50627,1,0,0,0,0,0,0,0,0.283165,0.284353,0.214217,0.12544,0.0593233,0.0234005,0.00784805,0.00225338,0.00011,0.000109999,0.99989,2.20086E-11,0.000109999,1.5406E-10,1.54122E-17,3.0824E-17,0
"MODRA CM 0.25 FSM 2 DM 1 LT 1.2 UPC 1.2E-05","0","NaN","721","PLiabilitySignal 2",0.1272,0.99989,0.000109999,0.325689,0.00011,0.000109999,1,0.000109999,9.999E-06,3.10551,5.60224E-06,0.761327,0.239731,0.21594,0.181698,0.139505,0.0969553,0.0622559,0.0388439,0.0250709,1,1,0.0625007,0.0625007,,,0.000109999,,,,,1.5406E-10,1.54122E-17,3.08E-17,0,9.99989,9.99999,19.9999,0.000120999,1000,1000,1.09999E-05,1.2375E-5,0,1.23749E-5,1.39221E-06,0,0.0001,0.000111,2.67307E-10,9.99999E-05,0,9.99999E-05,0,0.00011,0.0625004,1.5406E-10,1.54122E-17,3.08243E-17,0,0,-0.837045,0,1,0,0,0,0,0,0,0.2299,0.252798,0.216092,0.149198,0.0859312,0.0420859,0.01765,0.00634518,0.00011,0.000109999,0.99989,2.20086E-11,0.000109999,1.5406E-10,1.54122E-17,3.0824E-17,0
"MODRA CM 0.25 FSM 2 DM 1 LT 1.2 UPC 1.2E-05","0","NaN","721","PLiabilitySignal 3",0.1351,0.99989,0.000109999,0.380217,0.00011,0.000109999,1,0.000109999,9.999E-06,3.54174,5.60224E-06,0.80305,0.192297,0.184386,0.169249,0.145286,0.115177,0.085488,0.0619664,0.0461494,1,1,0.0625007,0.0625007,,,0.000109999,,,,,1.5406E-10,1.54122E-17,3.08E-17,0,9.99989,9.99999,19.9999,0.000120999,1000,1000,1.09999E-05,1.2375E-5,0,1.23749E-5,1.39221E-06,0,0.0001,0.000111,2.67307E-10,9.99999E-05,0,9.99999E-05,0,0.00011,0.0625004,1.5406E-10,1.54122E-17,3.08243E-17,0,0,-0.36328,0,0,1,0,0,0,0,0,0.163043,0.203426,0.205016,0.172371,0.123246,0.0754669,0.0396191,0.0178105,0.00011,0.000109999,0.99989,2.20086E-11,0.000109999,1.5406E-10,1.54122E-17,3.0824E-17,0
"MODRA CM 0.25 FSM 2 DM 1 LT 1.2 UPC 1.2E-05","0","NaN","721","PLiabilitySignal 4",0.1349,0.99989,0.000109999,0.456752,0.00011,0.000109999,1,0.000109999,9.999E-06,4.15401,5.60224E-06,0.860726,0.135726,0.142217,0.146661,0.14467,0.133587,0.116009,0.0978408,0.0832894,1,1,0.0625007,0.0625007,,,0.000109999,,,,,1.5406E-10,1.54122E-17,3.08E-17,0,9.99989,9.99999,19.9999,0.000120999,1000,1000,1.09999E-05,1.2375E-5,0,1.23749E-5,1.39221E-06,0,0.0001,0.000111,2.67307E-10,9.99999E-05,0,9.99999E-05,0,0.00011,0.0625004,1.5406E-10,1.54122E-17,3.08243E-17,0,0,-0.0910439,0,0,0,1,0,0,0,0,0.0956372,0.140692,0.172665,0.180209,0.16108,0.123456,0.0810322,0.0452287,0.00011,0.000109999,0.99989,2.20086E-11,0.000109999,1.5406E-10,1.54122E-17,3.0824E-17,0
"MODRA CM 0.25 FSM 2 DM 1 LT 1.2 UPC 1.2E-05","0","NaN","721","PLiabilitySignal 5",0.1349,0.99989,0.000109999,0.543248,0.00011,0.000109999,1,0.000109999,9.999E-06,4.84599,5.60224E-06,0.924797,0.0832894,0.0978408,0.116009,0.133587,0.14467,0.146661,0.142217,0.135726,1,1,0.0625007,0.0625007,,,0.000109999,,,,,1.5406E-10,1.54122E-17,3.08E-17,0,9.99989,9.99999,19.9999,0.000120999,1000,1000,1.09999E-05,1.2375E-5,0,1.23749E-5,1.39221E-06,0,0.0001,0.000111,2.67307E-10,9.99999E-05,0,9.99999E-05,0,0.00011,0.0625004,1.5406E-10,1.54122E-17,3.08243E-17,0,0,0.0910439,0,0,0,0,1,0,0,0,0.0452287,0.0810322,0.123456,0.16108,0.180209,0.172665,0.140692,0.0956372,0.00011,0.000109999,0.99989,2.20086E-11,0.000109999,1.5406E-10,1.54122E-17,3.0824E-17,0
"MODRA CM 0.25 FSM 2 DM 1 LT 1.2 UPC 1.2E-05","0","NaN","721","PLiabilitySignal 6",0.1351,0.99989,0.000109999,0.619783,0.00011,0.000109999,1,0.000109999,9.999E-06,5.45826,5.60224E-06,0.980504,0.0461494,0.0619664,0.085488,0.115177,0.145286,0.169249,0.184386,0.192297,1,1,0.0625007,0.0625007,,,0.000109999,,,,,1.5406E-10,1.54122E-17,3.08E-17,0,9.99989,9.99999,19.9999,0.000120999,1000,1000,1.09999E-05,1.2375E-5,0,1.23749E-5,1.39221E-06,0,0.0001,0.000111,2.67307E-10,9.99999E-05,0,9.99999E-05,0,0.00011,0.0625004,1.5406E-10,1.54122E-17,3.08243E-17,0,0,0.36328,0,0,0,0,0,1,0,0,0.0178105,0.0396191,0.0754669,0.123246,0.172371,0.205016,0.203426,0.163043,0.00011,0.000109999,0.99989,2.20086E-11,0.000109999,1.5406E-10,1.54122E-17,3.0824E-17,0
"MODRA CM 0.25 FSM 2 DM 1 LT 1.2 UPC 1.2E-05","0","NaN","721","PLiabilitySignal 7",0.1272,0.99989,0.000109999,0.674311,0.00011,0.000109999,1,0.000109999,9.999E-06,5.89449,5.60224E-06,1.01956,0.0250709,0.0388439,0.0622559,0.0969553,0.139505,0.181698,0.21594,0.239731,1,1,0.0625007,0.0625007,,,0.000109999,,,,,1.5406E-10,1.54122E-17,3.08E-17,0,9.99989,9.99999,19.9999,0.000120999,1000,1000,1.09999E-05,1.2375E-5,0,1.23749E-5,1.39221E-06,0,0.0001,0.000111,2.67307E-10,9.99999E-05,0,9.99999E-05,0,0.00011,0.0625004,1.5406E-10,1.54122E-17,3.08243E-17,0,0,0.837045,0,0,0,0,0,0,1,0,0.00634518,0.01765,0.0420859,0.0859312,0.149198,0.216092,0.252798,0.2299,0.00011,0.000109999,0.99989,2.20086E-11,0.000109999,1.5406E-10,1.54122E-17,3.0824E-17,0
"MODRA CM 0.25 FSM 2 DM 1 LT 1.2 UPC 1.2E-05","0","NaN","721","PLiabilitySignal 8",0.1028,0.99989,0.000109999,0.707916,0.00011,0.000109999,1,0.000109999,9.999E-06,6.16333,5.60224E-06,1.04331,0.0145906,0.0259531,0.0474977,0.0833183,0.132608,0.187132,0.235966,0.272934,1,1,0.0625007,0.0625007,,,0.000109999,,,,,1.5406E-10,1.54122E-17,3.08E-17,0,9.99989,9.99999,19.9999,0.000120999,1000,1000,1.09999E-05,1.2375E-5,0,1.23749E-5,1.39221E-06,0,0.0001,0.000111,2.67307E-10,9.99999E-05,0,9.99999E-05,0,0.00011,0.0625004,1.5406E-10,1.54122E-17,3.08243E-17,0,0,1.50627,0,0,0,0,0,0,0,1,0.00225338,0.00784805,0.0234005,0.0593233,0.12544,0.214217,0.284353,0.283165,0.00011,0.000109999,0.99989,2.20086E-11,0.000109999,1.5406E-10,1.54122E-17,3.0824E-17,0
"MODRA CM 0.25 FSM 2 DM 1 LT 1.2 UPC 1.2E-05","0","NaN","721","DLiabilitySignal 1",0.1028,0.99989,0.000109999,0.167254,0.00011,0.000109999,1,0.000109999,9.999E-06,1.83803,5.60224E-06,0.633733,0.478961,0.298962,0.148829,0.055304,0.0147061,0.00279692,0.000396453,4.47092E-05,1,1,0.0625007,0.0625007,,,0.000109999,,,,,1.5406E-10,1.54122E-17,3.08E-17,0,9.99989,9.99999,19.9999,0.000120999,1000,1000,1.09999E-05,1.2375E-5,0,1.23749E-5,1.39221E-06,0,0.0001,0.000111,2.67307E-10,9.99999E-05,0,9.99999E-05,0,0.00011,0.0625004,1.5406E-10,1.54122E-17,3.08243E-17,0,0,1.50627,0.283165,0.284353,0.214217,0.12544,0.0593233,0.0234005,0.00784805,0.00225338,1,0,0,0,0,0,0,0,0.00011,0.000109999,0.99989,2.20086E-11,0.000109999,1.5406E-10,1.54122E-17,3.0824E-17,0
"MODRA CM 0.25 FSM 2 DM 1 LT 1.2 UPC 1.2E-05","0","NaN","721","DLiabilitySignal 2",0.1272,0.99989,0.000109999,0.227646,0.00011,0.000109999,1,0.000109999,9.999E-06,2.32117,5.60224E-06,0.685331,0.32054,0.292012,0.212186,0.115119,0.0447137,0.0124281,0.00257601,0.000425067,1,1,0.0625007,0.0625007,,,0.000109999,,,,,1.5406E-10,1.54122E-17,3.08E-17,0,9.99989,9.99999,19.9999,0.000120999,1000,1000,1.09999E-05,1.2375E-5,0,1.23749E-5,1.39221E-06,0,0.0001,0.000111,2.67307E-10,9.99999E-05,0,9.99999E-05,0,0.00011,0.0625004,1.5406E-10,1.54122E-17,3.08243E-17,0,0,0.837045,0.2299,0.252798,0.216092,0.149198,0.0859312,0.0420859,0.01765,0.00634518,0,1,0,0,0,0,0,0,0.00011,0.000109999,0.99989,2.20086E-11,0.000109999,1.5406E-10,1.54122E-17,3.0824E-17,0
"MODRA CM 0.25 FSM 2 DM 1 LT 1.2 UPC 1.2E-05","0","NaN","721","DLiabilitySignal 3",0.1351,0.99989,0.000109999,0.31743,0.00011,0.000109999,1,0.000109999,9.999E-06,3.03944,5.60224E-06,0.7594,0.171122,0.227546,0.241317,0.191101,0.108372,0.0439982,0.0133278,0.00321588,1,1,0.0625007,0.0625007,,,0.000109999,,,,,1.5406E-10,1.54122E-17,3.08E-17,0,9.99989,9.99999,19.9999,0.000120999,1000,1000,1.09999E-05,1.2375E-5,0,1.23749E-5,1.39221E-06,0,0.0001,0.000111,2.67307E-10,9.99999E-05,0,9.99999E-05,0,0.00011,0.0625004,1.5406E-10,1.54122E-17,3.08243E-17,0,0,0.36328,0.163043,0.203426,0.205016,0.172371,0.123246,0.0754669,0.0396191,0.0178105,0,0,1,0,0,0,0,0,0.00011,0.000109999,0.99989,2.20086E-11,0.000109999,1.5406E-10,1.54122E-17,3.0824E-17,0
"MODRA CM 0.25 FSM 2 DM 1 LT 1.2 UPC 1.2E-05","0","NaN","721","DLiabilitySignal 4",0.1349,0.99989,0.000109999,0.435182,0.00011,0.000109999,1,0.000109999,9.999E-06,3.98145,5.60224E-06,0.851995,0.0665796,0.12926,0.200091,0.231262,0.191427,0.11347,0.0502063,0.0177044,1,1,0.0625007,0.0625007,,,0.000109999,,,,,1.5406E-10,1.54122E-17,3.08E-17,0,9.99989,9.99999,19.9999,0.000120999,1000,1000,1.09999E-05,1.2375E-5,0,1.23749E-5,1.39221E-06,0,0.0001,0.000111,2.67307E-10,9.99999E-05,0,9.99999E-05,0,0.00011,0.0625004,1.5406E-10,1.54122E-17,3.08243E-17,0,0,0.0910439,0.0956372,0.140692,0.172665,0.180209,0.16108,0.123456,0.0810322,0.0452287,0,0,0,1,0,0,0,0,0.00011,0.000109999,0.99989,2.20086E-11,0.000109999,1.5406E-10,1.54122E-17,3.0824E-17,0
"MODRA CM 0.25 FSM 2 DM 1 LT 1.2 UPC 1.2E-05","0","NaN","721","DLiabilitySignal 5",0.1349,0.99989,0.000109999,0.564818,0.00011,0.000109999,1,0.000109999,9.999E-06,5.01855,5.60224E-06,0.948021,0.0177044,0.0502063,0.11347,0.191427,0.231262,0.200091,0.12926,0.0665796,1,1,0.0625007,0.0625007,,,0.000109999,,,,,1.5406E-10,1.54122E-17,3.08E-17,0,9.99989,9.99999,19.9999,0.000120999,1000,1000,1.09999E-05,1.2375E-5,0,1.23749E-5,1.39221E-06,0,0.0001,0.000111,2.67307E-10,9.99999E-05,0,9.99999E-05,0,0.00011,0.0625004,1.5406E-10,1.54122E-17,3.08243E-17,0,0,-0.0910439,0.0452287,0.0810322,0.123456,0.16108,0.180209,0.172665,0.140692,0.0956372,0,0,0,0,1,0,0,0,0.00011,0.000109999,0.99989,2.20086E-11,0.000109999,1.5406E-10,1.54122E-17,3.0824E-17,0
"MODRA CM 0.25 FSM 2 DM 1 LT 1.2 UPC 1.2E-05","0","NaN","721","DLiabilitySignal 6",0.1351,0.99989,0.000109999,0.68257,0.00011,0.000109999,1,0.000109999,9.999E-06,5.96056,5.60224E-06,1.02987,0.00321588,0.0133278,0.0439982,0.108372,0.191101,0.241317,0.227546,0.171122,1,1,0.0625007,0.0625007,,,0.000109999,,,,,1.5406E-10,1.54122E-17,3.08E-17,0,9.99989,9.99999,19.9999,0.000120999,1000,1000,1.09999E-05,1.2375E-5,0,1.23749E-5,1.39221E-06,0,0.0001,0.000111,2.67307E-10,9.99999E-05,0,9.99999E-05,0,0.00011,0.0625004,1.5406E-10,1.54122E-17,3.08243E-17,0,0,-0.36328,0.0178105,0.0396191,0.0754669,0.123246,0.172371,0.205016,0.203426,0.163043,0,0,0,0,0,1,0,0,0.00011,0.000109999,0.99989,2.20086E-11,0.000109999,1.5406E-10,1.54122E-17,3.0824E-17,0
"MODRA CM 0.25 FSM 2 DM 1 LT 1.2 UPC 1.2E-05","0","NaN","721","DLiabilitySignal 7",0.1272,0.99989,0.000109999,0.772354,0.00011,0.000109999,1,0.000109999,9.999E-06,6.67883,5.60224E-06,1.08881,0.000425067,0.00257601,0.0124281,0.0447137,0.115119,0.212186,0.292012,0.32054,1,1,0.0625007,0.0625007,,,0.000109999,,,,,1.5406E-10,1.54122E-17,3.08E-17,0,9.99989,9.99999,19.9999,0.000120999,1000,1000,1.09999E-05,1.2375E-5,0,1.23749E-5,1.39221E-06,0,0.0001,0.000111,2.67307E-10,9.99999E-05,0,9.99999E-05,0,0.00011,0.0625004,1.5406E-10,1.54122E-17,3.08243E-17,0,0,-0.837045,0.00634518,0.01765,0.0420859,0.0859312,0.149198,0.216092,0.252798,0.2299,0,0,0,0,0,0,1,0,0.00011,0.000109999,0.99989,2.20086E-11,0.000109999,1.5406E-10,1.54122E-17,3.0824E-17,0
"MODRA CM 0.25 FSM 2 DM 1 LT 1.2 UPC 1.2E-05","0","NaN","721","DLiabilitySignal 8",0.1028,0.99989,0.000109999,0.832746,0.00011,0.000109999,1,0.000109999,9.999E-06,7.16197,5.60224E-06,1.12668,4.47092E-05,0.000396453,0.00279692,0.0147061,0.055304,0.148829,0.298962,0.478961,1,1,0.0625007,0.0625007,,,0.000109999,,,,,1.5406E-10,1.54122E-17,3.08E-17,0,9.99989,9.99999,19.9999,0.000120999,1000,1000,1.09999E-05,1.2375E-5,0,1.23749E-5,1.39221E-06,0,0.0001,0.000111,2.67307E-10,9.99999E-05,0,9.99999E-05,0,0.00011,0.0625004,1.5406E-10,1.54122E-17,3.08243E-17,0,0,-1.50627,0.00225338,0.00784805,0.0234005,0.0593233,0.12544,0.214217,0.284353,0.283165,0,0,0,0,0,0,0,1,0.00011,0.000109999,0.99989,2.20086E-11,0.000109999,1.5406E-10,1.54122E-17,3.0824E-17,0
"MODRA CM 0.25 FSM 2 DM 1 LT 1.2 UPC 1.2E-05","0","NaN","721","PDoesntFile",0.9999,1,2.20110E-11,0.5,0,0,1,2.20110E-11,2.00082E-12,4.5,5.60246E-06,0.891194,0.125,0.125,0.125,0.125,0.125,0.125,0.125,0.125,1,1,,,,,0,,,,,0,0,0,,10,10,20,2.89343E-10,1000,1000,0,0,0,0,0,0,2.87342E-10,2.87342E-10,2.67332E-10,2.00102E-11,0,2.00102E-11,0,0,,0,0,0,0,0,0,0.102831,0.127187,0.135106,0.134876,0.134876,0.135106,0.127187,0.102831,0.102831,0.127187,0.135106,0.134876,0.134876,0.135106,0.127187,0.102831,0,0,1,0,0,0,0,0,0
"MODRA CM 0.25 FSM 2 DM 1 LT 1.2 UPC 1.2E-05","0","NaN","721","P Files",0.0001,0,1,0.5,1,1,1,1,0.0909009,4.5,3.62896E-06,0.890081,0.136681,0.127449,0.119698,0.116172,0.116172,0.119698,0.127449,0.136681,1,1,0.0625007,0.0625007,,,0.999998,,,,,1.40056E-06,1.40112E-13,2.8E-13,0,9.0125,9.8875,18.9,1.1,998.842,999.953,0.1,0.1125,0,0.1125,0.0126566,0,0.909099,1.0091,4.35476E-11,0.909099,0,0.909099,0,0.999998,0.0625004,1.40056E-06,1.40112E-13,2.80224E-13,0,0,-4.04121E-13,0.102831,0.127187,0.135106,0.134876,0.134876,0.135106,0.127187,0.102831,0.102831,0.127187,0.135106,0.134876,0.134876,0.135106,0.127187,0.102831,1,1,0,2.0008E-07,0.999998,1.40056E-06,1.40112E-13,2.8022E-13,0
"MODRA CM 0.25 FSM 2 DM 1 LT 1.2 UPC 1.2E-05","0","NaN","721","DDoesntAnswer",2E-11,0,1,0.5,1,0,1,1,0.0909009,4.5,3.62896E-06,0.890081,0.136681,0.127449,0.119698,0.116172,0.116172,0.119698,0.127449,0.136681,1,1,,,,,0,,,,,0,0,0,,9.975,9,18.975,1.025,999.99,998.808,0.025,1,0,1,1,0,0.909099,0.934099,4.35476E-11,0.909099,0,0.909099,0,0,,0,0,0,0,0,0,0.102831,0.127187,0.135106,0.134876,0.134876,0.135106,0.127187,0.102831,0.102831,0.127187,0.135106,0.134876,0.134876,0.135106,0.127187,0.102831,1,0,0,1,0,0,0,0,0
"MODRA CM 0.25 FSM 2 DM 1 LT 1.2 UPC 1.2E-05","0","NaN","721","D Answers",0.0001,0,1,0.5,1,1,1,1,0.0909009,4.5,3.62896E-06,0.890081,0.136681,0.127449,0.119698,0.116172,0.116172,0.119698,0.127449,0.136681,1,1,0.0625007,0.0625007,,,0.999999,,,,,1.40056E-06,1.40112E-13,2.8E-13,0,9.0125,9.8875,18.9,1.1,998.842,999.953,0.1,0.1125,0,0.1125,0.0126564,0,0.909099,1.0091,4.35476E-11,0.909099,0,0.909099,0,0.999999,0.0625004,1.40056E-06,1.40112E-13,2.80224E-13,0,0,-3.93606E-13,0.102831,0.127187,0.135106,0.134876,0.134876,0.135106,0.127187,0.102831,0.102831,0.127187,0.135106,0.134876,0.134876,0.135106,0.127187,0.102831,1,1,0,0,0.999999,1.40056E-06,1.40112E-13,2.8022E-13,0
"MODRA CM 0.25 FSM 2 DM 1 LT 1.2 UPC 1.2E-05","0","NaN","721","Settles1",0.0001,0,1,0.5,1,1,1,1,0.0909009,4.5,3.62896E-06,0.890081,0.136681,0.127449,0.119698,0.116172,0.116172,0.119698,0.127449,0.136681,1,1,0.0625,0.0625007,,,1,,,,,0,0,0,,9.0125,9.8875,18.9,1.1,998.842,999.953,0.1,0.1125,0,0.1125,0.0126564,0,0.909099,1.0091,4.35476E-11,0.909099,0,0.909099,0,1,0.0625004,0,0,0,0,0,-2.10934E-13,0.102831,0.127187,0.135106,0.134876,0.134876,0.135106,0.127187,0.102831,0.102831,0.127187,0.135106,0.134876,0.134876,0.135106,0.127187,0.102831,1,1,0,0,1,0,0,0,0
"MODRA CM 0.25 FSM 2 DM 1 LT 1.2 UPC 1.2E-05","0","NaN","721","DoesntSettle1",2E-10,0,1,0.5,1,1,1,1,0.0909009,4.5,3.62896E-06,0.890081,0.136681,0.127449,0.119698,0.116172,0.116172,0.119698,0.127449,0.136681,1,1,0.5625,0.0625002,,,0,,,,,1,1.0004E-07,2.001E-7,0,8.95,9.95,18.9,1.1,998.663,999.98,0.1,0.0500001,0,0.0500001,0.00250011,0,0.909099,1.0091,4.35476E-11,0.909099,0,0.909099,0,0,,1,1.0004E-07,2.0008E-07,0,0,-4.33452E-13,0.102831,0.127187,0.135106,0.134876,0.134876,0.135106,0.127187,0.102831,0.102831,0.127187,0.135106,0.134876,0.134876,0.135106,0.127187,0.102831,1,1,0,0,0,1,1.0004E-07,2.0008E-07,0
"MODRA CM 0.25 FSM 2 DM 1 LT 1.2 UPC 1.2E-05","0","NaN","721","PAbandons1",2E-10,0,1,0.5,1,1,1,1,0.0909009,4.5,3.62896E-06,0.890081,0.136681,0.127449,0.119698,0.116172,0.116172,0.119698,0.127449,0.136681,1,1,0.5625,0.0625002,,,0,,,,,1,0,0,,8.95,9.95,18.9,1.1,998.663,999.98,0.1,0.05,0,0.05,0.0025,0,0.909099,1.0091,4.35476E-11,0.909099,0,0.909099,0,0,,1,0,1.0004E-07,0,0,-2.67674E-13,0.102831,0.127187,0.135106,0.134876,0.134876,0.135106,0.127187,0.102831,0.102831,0.127187,0.135106,0.134876,0.134876,0.135106,0.127187,0.102831,1,1,0,0,0,1,0,0,0
"MODRA CM 0.25 FSM 2 DM 1 LT 1.2 UPC 1.2E-05","0","NaN","721","PDoesntAbandon1",5E-17,0,1,0.5,1,1,1,1,0.0909009,4.5,3.62896E-06,0.890081,0.136681,0.127449,0.119698,0.116172,0.116172,0.119698,0.127449,0.136681,1,1,0.5625,0.0625002,,,0,,,,,0,0.333333,0.666667,0,9.16667,9.7,18.8667,1.13333,998.676,999.572,0.133333,0.35,0,0.35,0.3675,0,0.909099,1.04243,4.35476E-11,0.909099,0,0.909099,0,0,,0,0.333333,0.333333,0,0,-2.82637E-13,0.102831,0.127187,0.135106,0.134876,0.134876,0.135106,0.127187,0.102831,0.102831,0.127187,0.135106,0.134876,0.134876,0.135106,0.127187,0.102831,1,1,0,0,0,0,0.333333,0.666667,0
"MODRA CM 0.25 FSM 2 DM 1 LT 1.2 UPC 1.2E-05","0","NaN","721","DDefaults1",2E-17,0,1,0.5,1,1,1,1,0.0909009,4.5,3.62896E-06,0.890081,0.136681,0.127449,0.119698,0.116172,0.116172,0.119698,0.127449,0.136681,1,1,0.5625,0.0625002,,,0,,,,,0,1,0,,9.95,8.95,18.9,1.1,999.98,998.663,0.1,1.05,0,1.05,1.1025,0,0.909099,1.0091,4.35476E-11,0.909099,0,0.909099,0,0,,0,1,1,0,0,-2.79519E-13,0.102831,0.127187,0.135106,0.134876,0.134876,0.135106,0.127187,0.102831,0.102831,0.127187,0.135106,0.134876,0.134876,0.135106,0.127187,0.102831,1,1,0,0,0,0,1,0,0
"MODRA CM 0.25 FSM 2 DM 1 LT 1.2 UPC 1.2E-05","0","NaN","721","DDoesntDefault1",3E-17,0,1,0.5,1,1,1,1,0.0909009,4.5,3.62896E-06,0.890081,0.136681,0.127449,0.119698,0.116172,0.116172,0.119698,0.127449,0.136681,1,1,0.5625,0.0625002,,,0,,,,,0,0,1,0,8.775,10.075,18.85,1.15,998.024,1000.03,0.15,0,0,0,0,0,0.909099,1.0591,4.35476E-11,0.909099,0,0.909099,0,0,,0,0,0,0,0,-1.80306E-13,0.102831,0.127187,0.135106,0.134876,0.134876,0.135106,0.127187,0.102831,0.102831,0.127187,0.135106,0.134876,0.134876,0.135106,0.127187,0.102831,1,1,0,0,0,0,0,1,0
"MODRA CM 0.25 FSM 2 DM 1 LT 1.2 UPC 1.2E-05","0","NaN","721","POrDQuits1",2E-10,0,1,0.5,1,1,1,1,0.0909009,4.5,3.62896E-06,0.890081,0.136681,0.127449,0.119698,0.116172,0.116172,0.119698,0.127449,0.136681,1,1,0.5625,0.0625002,,,0,,,,,1,1.0004E-07,0,,8.95,9.95,18.9,1.1,998.663,999.98,0.1,0.0500001,0,0.0500001,0.00250011,0,0.909099,1.0091,4.35476E-11,0.909099,0,0.909099,0,0,,1,1.0004E-07,2.0008E-07,0,0,-3.40328E-13,0.102831,0.127187,0.135106,0.134876,0.134876,0.135106,0.127187,0.102831,0.102831,0.127187,0.135106,0.134876,0.134876,0.135106,0.127187,0.102831,1,1,0,0,0,1,1.0004E-07,0,0
"MODRA CM 0.25 FSM 2 DM 1 LT 1.2 UPC 1.2E-05","0","NaN","721","P Loses",3E-17,0,1,0.5,1,1,1,1,0.0909009,4.5,3.62896E-06,0.890081,0.136681,0.127449,0.119698,0.116172,0.116172,0.119698,0.127449,0.136681,1,1,0.5625,0.0625002,,,0,,,,,0,0,1,0,8.775,10.075,18.85,1.15,998.024,1000.03,0.15,0,0,0,0,0,0.909099,1.0591,4.35476E-11,0.909099,0,0.909099,0,0,,0,0,0,0,0,-1.80306E-13,0.102831,0.127187,0.135106,0.134876,0.134876,0.135106,0.127187,0.102831,0.102831,0.127187,0.135106,0.134876,0.134876,0.135106,0.127187,0.102831,1,1,0,0,0,0,0,1,0
"MODRA CM 0.25 FSM 2 DM 1 LT 1.2 UPC 1.2E-05","0","NaN","721","P Wins",0,,,,,,,,,,,,,,,,,,,,,,,,,,,,,,,,,,,,,,,,,,,,,,,,,,,,,,,,,,,,,,,,,,,,,,,,,,,,,,,,,,,,,,
