"OptionSet","Exploit","Refine","Seconds","Filter","All","NoDispute","DisputeArises","LitigQuality","PFiles","DAnswers","Activity","Accident","WrongAttrib","PrecPower","PrecLevel","BCRatio","PrecPower1","PrecPower2","PrecPower3","PrecPower4","PrecPower5","PrecPower6","PrecPower7","PrecPower8","PBargains1","DBargains1","POffer1","DOffer1","POfferMixedness1","DOfferMixedness1","Settles1","PBet1","DBet1","PBetMixedness1","DBetMixedness1","PAbandons1","DDefaults1","Trial","PWinPct","PWealth","DWealth","TotWealth","WealthLoss","PWelfare","DWelfare","TotExpense","False+","False-","False+-","False+^2","False-^2","PDSWelfareLoss","SWelfareLoss","OpportunityCost","HarmCost","TrulyLiableHarmCost","TrulyNotLiableHarmCost","Chips","Settles","ValIfSettled","PAbandons","DDefaults","BothReadyToGiveUp","TrulyLiable","PrimaryAction","MutualOptimism","PLiabilitySignal1","PLiabilitySignal2","PLiabilitySignal3","PLiabilitySignal4","PLiabilitySignal5","PLiabilitySignal6","PLiabilitySignal7","PLiabilitySignal8","DLiabilitySignal1","DLiabilitySignal2","DLiabilitySignal3","DLiabilitySignal4","DLiabilitySignal5","DLiabilitySignal6","DLiabilitySignal7","DLiabilitySignal8","P Files","D Answers","PDoesntFile","DDoesntAnswer","SettlesBR1","PAbandonsBR1","DDefaultsBR1","P Loses","P Wins"
"Risk Neutral CM 0.25 FSM 2 DM 1 LT 1 UPC 8E-06","1.149E-08","0.4481","502","All",1,0.999926,7.40954E-05,0.500001,7.4095E-5,7.40954E-05,1,7.40954E-05,9.99936E-06,4.50001,4.03204,0.785743,0.125,0.125,0.125,0.125,0.125,0.125,0.125,0.125001,1,1,0.184088,0.0625012,,,6.14193E-05,,,,,7.97657E-11,2.53626E-12,1.268E-5,0.290938,9.99993,9.99996,19.9999,0.000114395,9.99993,9.99996,8.04334E-06,8.6753E-6,9.6936E-6,1.83689E-5,3.55679E-06,9.94849E-06,9.63526E-05,0.000104396,3.22565E-05,6.4096E-05,9.5475E-06,5.45485E-05,0,6.14193E-5,0.0625009,7.97657E-11,2.53626E-12,1.59595E-17,0.152959,0,-2.71256E-14,0.102831,0.127187,0.135106,0.134876,0.134876,0.135106,0.127187,0.102831,0.102831,0.127187,0.135106,0.134876,0.134876,0.135106,0.127187,0.102831,7.40954E-5,7.40954E-05,0.999926,1.4825E-11,6.14193E-05,7.97657E-11,2.53626E-12,8.98808E-6,3.6879E-6
"Risk Neutral CM 0.25 FSM 2 DM 1 LT 1 UPC 8E-06","1.149E-08","0.4481","502","NoDispute",0.9999,1,0,0.500004,0,0,1,0,0,4.50003,4.03206,0.785744,0.124997,0.124998,0.124999,0.125,0.125,0.125001,0.125002,0.125003,1,1,,,,,0,,,,,0,0,0,,10,9.99997,20,3.22567E-05,10,9.99997,0,0,0,0,0,0,3.22567E-05,3.22567E-05,3.22567E-05,0,0,0,0,0,,0,0,0,,0,-4.75962E-06,0.102829,0.127185,0.135105,0.134876,0.134877,0.135107,0.127189,0.102833,0.102829,0.127185,0.135104,0.134876,0.134877,0.135107,0.127189,0.102833,0,0,1,0,0,0,0,0,0
"Risk Neutral CM 0.25 FSM 2 DM 1 LT 1 UPC 8E-06","1.149E-08","0.4481","502","DisputeArises",7.4E-5,0,1,0.454221,1,1,1,1,0.134952,4.13376,3.83375,0.771584,0.161457,0.149395,0.137116,0.125404,0.113417,0.104674,0.102875,0.105663,1,1,0.184088,0.0625012,,,0.828922,,,,,1.07653E-06,3.42296E-08,0.171077,0.290938,9.03657,9.85484,18.8914,1.10858,9.03657,9.85484,0.108554,0.117084,0.130825,0.247909,0.0480029,0.134266,0.865078,0.973632,3.067E-05,0.865048,0.128854,0.736193,0,0.828922,0.0625009,1.07653E-06,3.42296E-08,2.15392E-13,0.152959,0,0.0642317,0.126111,0.15106,0.152319,0.140996,0.128665,0.117865,0.103358,0.0796253,0.133917,0.153408,0.15853,0.140619,0.121312,0.113195,0.100715,0.0783041,1,1,2.0008E-07,2.0008E-07,0.828922,1.07653E-06,3.42296E-08,0.121304,0.0497727
"Risk Neutral CM 0.25 FSM 2 DM 1 LT 1 UPC 8E-06","1.149E-08","0.4481","502","PFiles",7.4E-5,0,1,0.454221,1,1,1,1,0.134952,4.13376,3.83375,0.771584,0.161457,0.149395,0.137116,0.125404,0.113417,0.104674,0.102875,0.105663,1,1,0.184088,0.0625012,,,0.828922,,,,,1.07653E-06,3.42297E-08,0.171077,0.290938,9.03657,9.85484,18.8914,1.10858,9.03657,9.85484,0.108554,0.117084,0.130825,0.247909,0.0480029,0.134266,0.865078,0.973632,3.067E-05,0.865048,0.128854,0.736193,0,0.828922,0.0625009,1.07653E-06,3.42297E-08,2.15392E-13,0.152959,0,0.0642317,0.126111,0.15106,0.152319,0.140996,0.128665,0.117865,0.103358,0.0796253,0.133917,0.153408,0.15853,0.140619,0.121312,0.113195,0.100715,0.0783041,1,1,0,2.0008E-07,0.828922,1.07653E-06,3.42297E-08,0.121304,0.0497727
"Risk Neutral CM 0.25 FSM 2 DM 1 LT 1 UPC 8E-06","1.149E-08","0.4481","502","DAnswers",7.4E-5,0,1,0.454221,1,1,1,1,0.134952,4.13376,3.83375,0.771584,0.161457,0.149395,0.137116,0.125404,0.113417,0.104674,0.102875,0.105663,1,1,0.184088,0.0625012,,,0.828922,,,,,1.07653E-06,3.42297E-08,0.171077,0.290938,9.03657,9.85484,18.8914,1.10858,9.03657,9.85484,0.108554,0.117083,0.130825,0.247909,0.0480027,0.134266,0.865078,0.973632,3.067E-05,0.865048,0.128854,0.736193,0,0.828922,0.0625009,1.07653E-06,3.42297E-08,2.15392E-13,0.152959,0,0.0642317,0.126111,0.15106,0.152319,0.140996,0.128665,0.117865,0.103358,0.0796253,0.133917,0.153408,0.15853,0.140619,0.121312,0.113195,0.100715,0.0783041,1,1,0,0,0.828922,1.07653E-06,3.42297E-08,0.121304,0.0497727
"Risk Neutral CM 0.25 FSM 2 DM 1 LT 1 UPC 8E-06","1.149E-08","0.4481","502","Litigated",7.4E-5,0,1,0.454221,1,1,1,1,0.134952,4.13376,3.83375,0.771584,0.161457,0.149395,0.137116,0.125404,0.113417,0.104674,0.102875,0.105663,1,1,0.184088,0.0625012,,,0.828922,,,,,1.07653E-06,3.42297E-08,0.171077,0.290938,9.03657,9.85484,18.8914,1.10858,9.03657,9.85484,0.108554,0.117083,0.130825,0.247909,0.0480027,0.134266,0.865078,0.973632,3.067E-05,0.865048,0.128854,0.736193,0,0.828922,0.0625009,1.07653E-06,3.42297E-08,2.15392E-13,0.152959,0,0.0642317,0.126111,0.15106,0.152319,0.140996,0.128665,0.117865,0.103358,0.0796253,0.133917,0.153408,0.15853,0.140619,0.121312,0.113195,0.100715,0.0783041,1,1,0,0,0.828922,1.07653E-06,3.42297E-08,0.121304,0.0497727
"Risk Neutral CM 0.25 FSM 2 DM 1 LT 1 UPC 8E-06","1.149E-08","0.4481","502","Not Litigated",0.9999,1,2.96522E-11,0.500004,1.483E-11,0,1,2.96522E-11,4.00164E-12,4.50003,4.03206,0.785744,0.124997,0.124998,0.124999,0.125,0.125,0.125001,0.125002,0.125003,1,1,,,,,0,,,,,0,0,0,,10,9.99997,20,3.22567E-05,10,9.99997,3.70653E-13,1.256E-11,2.324E-12,1.4883E-11,1.25583E-11,2.2692E-12,3.22567E-05,3.22567E-05,3.22567E-05,2.56506E-11,3.82081E-12,2.18298E-11,0,0,,0,0,0,0.152959,0,-4.75962E-06,0.102829,0.127185,0.135105,0.134876,0.134877,0.135107,0.127189,0.102833,0.102829,0.127185,0.135104,0.134876,0.134877,0.135107,0.127189,0.102833,1.4826E-11,0,1,1.48261E-11,0,0,0,0,0
"Risk Neutral CM 0.25 FSM 2 DM 1 LT 1 UPC 8E-06","1.149E-08","0.4481","502","Settles",6.1E-5,0,1,0.462269,1,1,1,1,0.138005,4.19815,4.00145,0.752204,0.179342,0.150074,0.12052,0.10363,0.100613,0.105818,0.115412,0.124591,1,1,0.0625005,0.0625012,,,1,,,,,0,0,0,,9.0125,9.88747,18.9,1.10003,9.0125,9.88747,0.1,0.0974576,0.132041,0.229499,0.0109642,0.130391,0.862027,0.962027,3.20116E-05,0.861995,0.110845,0.751151,0,1,0.0625009,0,0,0,0.133713,0,-0.464937,0.152138,0.182236,0.183756,0.0903537,0.107795,0.0979176,0.100984,0.0848195,0.126974,0.131276,0.112194,0.130683,0.146349,0.136557,0.121501,0.0944649,1,1,0,0,1,0,0,0,0
"Risk Neutral CM 0.25 FSM 2 DM 1 LT 1 UPC 8E-06","1.149E-08","0.4481","502","Tried",1.3E-5,0,1,0.415222,1,1,1,1,0.120163,3.82178,3.0212,0.865491,0.0747976,0.146106,0.217526,0.230903,0.175458,0.0991277,0.0421326,0.0139488,1,1,0.773218,0.0625008,,,0,,,,,0,0,1,0.290938,9.15322,9.69676,18.85,1.15002,9.15322,9.69676,0.15,0.212177,0.124933,0.33711,0.227467,0.153043,0.879861,1.02986,2.41696E-05,0.879837,0.216116,0.663721,0,0,,0,0,0,0.246208,0,2.62822,2.91189E-07,6.42299E-07,3.05679E-07,0.386377,0.229786,0.214517,0.114862,0.0544575,0.167557,0.260641,0.383038,0.188763,3.26878E-07,2.23298E-07,2.32218E-07,4.48864E-08,1,1,0,0,0,0,0,0.709062,0.290938
"Risk Neutral CM 0.25 FSM 2 DM 1 LT 1 UPC 8E-06","1.149E-08","0.4481","502","PWins",3.7E-6,0,1,0.532582,1,1,1,1,0.121772,4.76065,3.04463,0.978378,0.0118917,0.0487803,0.137942,0.241621,0.253188,0.17759,0.0924854,0.0365014,1,1,0.795978,0.0625014,,,0,,,,,0,0,1,1,10.075,8.77498,18.85,1.15002,10.075,8.77498,0.15,0.729286,0,0.729286,0.781839,0,0.878252,1.02825,2.43571E-05,0.878228,0.434948,0.44328,0,0,,0,0,0,0.495714,0,2.91765,4.6996E-07,7.34311E-07,6.09682E-07,0.266113,0.225298,0.244196,0.167444,0.0969462,0.164839,0.193655,0.432024,0.209479,7.29651E-07,5.05098E-07,5.90621E-07,1.07904E-07,1,1,0,0,0,0,0,0,1
"Risk Neutral CM 0.25 FSM 2 DM 1 LT 1 UPC 8E-06","1.149E-08","0.4481","502","DWins",9E-06,0,1,0.367068,1,1,1,1,0.119503,3.43654,3.01159,0.819172,0.100609,0.18604,0.25018,0.226506,0.143564,0.0669334,0.0214722,0.00469519,1,1,0.763879,0.0625006,,,0,,,,,0,0,1,0,8.775,10.075,18.85,1.15002,8.775,10.075,0.15,0,0.176195,0.176195,0,0.215839,0.880521,1.03052,2.40927E-05,0.880497,0.126327,0.75417,0,0,,0,0,0,0.143833,0,2.50947,2.17837E-07,6.04545E-07,1.80942E-07,0.435722,0.231627,0.202339,0.0932867,0.0370238,0.168672,0.288127,0.362939,0.180262,1.61614E-07,1.07672E-07,8.5161E-08,1.90295E-08,1,1,0,0,0,0,0,1,0
"Risk Neutral CM 0.25 FSM 2 DM 1 LT 1 UPC 8E-06","1.149E-08","0.4481","502","Abandoned",8E-11,0,1,0.475402,1,1,1,1,0.139272,4.30322,4.06791,0.756355,0.162081,0.145588,0.123927,0.106145,0.101691,0.109301,0.120796,0.130471,1,1,0.568994,0.0625004,,,0,,,,,0.969183,0.0308165,0,,8.98082,9.91915,18.9,1.10003,8.98082,9.91915,0.1,0.066353,0.144774,0.211127,0.027708,0.151633,0.86076,0.96076,3.25433E-05,0.860728,0.120547,0.740181,0,0,,0.969183,0.0308165,1.93914E-07,0.145106,0,-0.480967,0.159014,0.142192,0.19206,0.106344,0.0920183,0.108953,0.109088,0.0903309,0.0895963,0.145241,0.129068,0.114677,0.152963,0.142729,0.126992,0.0987341,1,1,0,0,0,0.969183,0.0308165,0,0
"Risk Neutral CM 0.25 FSM 2 DM 1 LT 1 UPC 8E-06","1.149E-08","0.4481","502","PrecPower1",0.125,0.999904,9.57057E-05,0.0625,9.5706E-5,9.57057E-05,1,9.57057E-05,1.04071E-05,1,2.72392,0.546558,1,0,0,0,0,0,0,0,1,1,0.113575,0.0625008,,,8.81205E-05,,,,,1.05199E-10,1.51763E-12,7.585E-6,0.0462547,9.9999,9.99997,19.9999,0.000127447,9.9999,9.99997,9.94982E-06,1.0343E-5,0,1.03434E-5,1.6418E-06,0,0.00010709,0.00011704,2.17916E-05,8.52986E-05,0,8.52986E-05,0,8.81205E-5,0.0625004,1.05199E-10,1.51763E-12,2.10482E-17,0,0,0.936711,0.224523,0.243921,0.207841,0.146449,0.0898711,0.0498814,0.0255101,0.0120032,0.394013,0.326145,0.184955,0.0718391,0.019103,0.00347585,0.000432502,3.678E-05,9.57057E-5,9.57057E-05,0.999904,1.91488E-11,8.81205E-05,1.05199E-10,1.51763E-12,7.23423E-6,3.5085E-7
"Risk Neutral CM 0.25 FSM 2 DM 1 LT 1 UPC 8E-06","1.149E-08","0.4481","502","PrecPower2",0.125,0.999911,8.85559E-05,0.1875,8.8556E-5,8.85559E-05,1,8.85559E-05,9.96462E-06,2,3.03658,0.642694,0,1,0,0,0,0,0,0,1,1,0.177987,0.0625009,,,7.37394E-05,,,,,9.28932E-11,2.96447E-12,1.482E-5,0.097135,9.99991,9.99997,19.9999,0.000122445,9.99991,9.99997,9.59641E-06,1.0059E-5,0,1.00588E-5,3.09299E-06,0,0.000102884,0.000112481,2.42928E-05,7.85913E-05,0,7.85913E-05,0,7.37394E-5,0.0625005,9.28932E-11,2.96447E-12,1.85861E-17,0,0,0.708292,0.194116,0.219715,0.199291,0.153452,0.105572,0.0669778,0.0395246,0.021351,0.245942,0.29712,0.245941,0.139472,0.0541728,0.0144053,0.00262108,0.000326143,8.85559E-5,8.85559E-05,0.999911,1.77183E-11,7.37394E-05,9.28932E-11,2.96447E-12,1.33772E-5,1.4392E-6
"Risk Neutral CM 0.25 FSM 2 DM 1 LT 1 UPC 8E-06","1.149E-08","0.4481","502","PrecPower3",0.125,0.999919,8.12774E-05,0.3125,8.1277E-5,8.12774E-05,1,8.12774E-05,9.66983E-06,3,3.46334,0.712022,0,0,1,0,0,0,0,0,1,1,0.261225,0.062501,,,5.92184E-05,,,,,7.71824E-11,4.41357E-12,2.206E-5,0.184495,9.99992,9.99996,19.9999,0.000118215,9.99992,9.99996,9.23068E-06,1.1648E-5,1.276E-11,1.16476E-5,6.85668E-06,1.40446E-11,9.93145E-05,0.000108545,2.77069E-05,7.16076E-05,3.83354E-11,7.16075E-05,0,5.92184E-5,0.0625007,7.71824E-11,4.41357E-12,1.54427E-17,5.21009E-07,0,0.437049,0.153945,0.184877,0.182931,0.158247,0.125175,0.0924013,0.0633473,0.0390755,0.122436,0.2159,0.260828,0.215899,0.122435,0.0475554,0.0126456,0.00230091,8.12774E-5,8.12774E-05,0.999919,1.62620E-11,5.92184E-05,7.71824E-11,4.41357E-12,1.79892E-5,4.0698E-6
"Risk Neutral CM 0.25 FSM 2 DM 1 LT 1 UPC 8E-06","1.149E-08","0.4481","502","PrecPower4",0.125,0.999926,7.43349E-05,0.4375,7.4335E-5,7.43349E-05,1,7.43349E-05,9.58129E-06,4,3.9666,0.757418,0,0,0,1,0,0,0,0,1,1,0.298758,0.0625011,,,5.09193E-05,,,,,6.52029E-11,4.68501E-12,2.342E-5,0.304442,9.99993,9.99996,19.9999,0.000114672,9.99993,9.99996,8.60427E-06,1.2922E-5,2.7946E-6,1.57168E-5,9.30747E-06,3.11643E-06,9.64866E-05,0.000105091,3.1733E-05,6.47536E-05,3.51331E-06,6.12403E-05,0,5.09193E-5,0.0625009,6.52029E-11,4.68501E-12,1.30458E-17,0.0528259,0,0.146671,0.109093,0.141948,0.157032,0.156098,0.14414,0.12449,0.0986546,0.0685447,0.0454969,0.117135,0.206553,0.249535,0.206552,0.117134,0.0454963,0.0120981,7.43349E-5,7.43349E-05,0.999926,1.48729E-11,5.09193E-05,6.52029E-11,4.68501E-12,1.62869E-5,7.1287E-6
"Risk Neutral CM 0.25 FSM 2 DM 1 LT 1 UPC 8E-06","1.149E-08","0.4481","502","PrecPower5",0.125,0.999933,6.72296E-05,0.5625,6.723E-05,6.72296E-05,1,6.72296E-05,9.54553E-06,5,4.43188,0.797291,0,0,0,0,1,0,0,0,1,1,0.253772,0.0625012,,,4.94366E-05,,,,,6.33948E-11,3.56005E-12,1.779E-5,0.419827,9.99994,9.99995,19.9999,0.000110298,9.99994,9.99995,7.61261E-06,8.1882E-6,9.3414E-6,1.75296E-5,2.69952E-06,1.09378E-05,9.31394E-05,0.000100752,3.54553E-05,5.76841E-05,1.26377E-05,4.50464E-05,0,4.94366E-5,0.0625011,6.33948E-11,3.56005E-12,1.26841E-17,0.213079,0,-0.146644,0.0685437,0.0986539,0.12449,0.14414,0.156098,0.157032,0.141948,0.109094,0.0120983,0.0454971,0.117135,0.206553,0.249535,0.206551,0.117134,0.0454962,6.72296E-5,6.72296E-05,0.999933,1.34513E-11,4.94366E-05,6.33948E-11,3.56005E-12,1.0323E-05,7.4699E-6
"Risk Neutral CM 0.25 FSM 2 DM 1 LT 1 UPC 8E-06","1.149E-08","0.4481","502","PrecPower6",0.125,0.999938,6.20469E-05,0.6875,6.2047E-5,6.20469E-05,1,6.20469E-05,9.68522E-06,6,4.75025,0.854501,0,0,0,0,0,1,0,0,1,1,0.171343,0.0625014,,,5.19944E-05,,,,,6.99544E-11,2.01134E-12,1.005E-5,0.521224,9.99994,9.99995,19.9999,0.000106756,9.99994,9.99995,6.70731E-06,9.0958E-6,1.8742E-6,1.09701E-5,3.95557E-06,2.24245E-06,9.03639E-05,9.70712E-05,3.80022E-05,5.23617E-05,4.15106E-06,4.82106E-05,0,5.19944E-5,0.0625012,6.99544E-11,2.01134E-12,1.39965E-17,0.0760809,0,-0.437036,0.0390753,0.0633472,0.0924017,0.125176,0.158247,0.18293,0.184877,0.153947,0.00230094,0.0126459,0.047556,0.122437,0.2159,0.260827,0.215899,0.122434,6.20469E-5,6.20469E-05,0.999938,1.24143E-11,5.19944E-05,6.99544E-11,2.01134E-12,4.81283E-6,5.2395E-6
"Risk Neutral CM 0.25 FSM 2 DM 1 LT 1 UPC 8E-06","1.149E-08","0.4481","502","PrecPower7",0.125,0.999939,6.09805E-05,0.8125,6.0981E-5,6.09805E-05,1,6.09805E-05,1.0213E-05,7,4.91079,0.93709,0,0,0,0,0,0,1,0,1,1,0.10735,0.0625016,,,5.67078E-05,,,,,7.86788E-11,8.54938E-13,4.273E-6,0.638638,9.99994,9.99995,19.9999,0.000106579,9.99994,9.99995,6.31168E-06,6.9047E-6,2.6716E-6,9.57629E-6,8.45867E-07,3.08736E-06,9.0054E-05,9.63657E-05,3.92865E-05,5.07675E-05,4.37351E-06,4.6394E-05,0,5.67078E-5,0.0625013,7.86788E-11,8.54938E-13,1.57421E-17,0.0830223,0,-0.708298,0.021351,0.0395249,0.0669785,0.105574,0.153454,0.199291,0.219713,0.194115,0.000326146,0.00262112,0.0144054,0.0541734,0.139473,0.245942,0.29712,0.24594,6.09805E-5,6.09805E-05,0.999939,1.2201E-11,5.67078E-05,7.86788E-11,8.54938E-13,1.54395E-6,2.7286E-6
"Risk Neutral CM 0.25 FSM 2 DM 1 LT 1 UPC 8E-06","1.149E-08","0.4481","502","PrecPower8",0.125,0.999937,6.26323E-05,0.9375,6.2632E-5,6.26322E-05,1,6.26323E-05,1.09282E-05,8,4.97297,1.03837,0,0,0,0,0,0,0,1,1,1,0.076814,0.0625017,,,6.12176E-05,,,,,8.56199E-11,2.83112E-13,1.415E-6,0.761328,9.99994,9.99995,19.9999,0.00010875,9.99994,9.99995,6.33395E-06,2.4231E-7,6.0866E-5,6.11083E-5,5.45186E-08,6.02034E-05,9.14879E-05,9.78219E-05,3.97839E-05,5.1704E-05,5.1704E-05,1.66788E-11,0,6.12176E-5,0.0625013,8.56199E-11,2.83112E-13,1.71308E-17,1,0,-0.936733,0.0120033,0.0255105,0.0498823,0.089873,0.146452,0.207843,0.243919,0.224517,3.67803E-05,0.000432509,0.00347587,0.0191032,0.0718397,0.184955,0.326144,0.394012,6.26322E-5,6.26322E-05,0.999937,1.25315E-11,6.12176E-05,8.56199E-11,2.83112E-13,3.37603E-7,1.0769E-6
"Risk Neutral CM 0.25 FSM 2 DM 1 LT 1 UPC 8E-06","1.149E-08","0.4481","502","PrecLevel0",4E-07,0.999945,5.49995E-05,0.5,5.4999E-5,5.49995E-05,0.5,5.49995E-05,4.9995E-06,4.5,0,1.33679,0.125,0.125,0.125,0.125,0.124999,0.125,0.125,0.125001,1,1,0.937499,0.759165,,,3.49178E-05,,,,,1.68112E-12,4.89045E-11,2.008E-5,0.727148,9.99999,9.99945,19.9994,0.000561504,9.99999,9.99945,6.50403E-06,1.3172E-5,4.7356E-6,1.7908E-05,1.40593E-05,1.7093E-06,0.00055,0.000556504,0.0005,5E-05,3.67902E-05,1.32098E-05,0,3.49178E-5,0.937499,1.68112E-12,4.89045E-11,8.60612E-18,0.735804,0,-1.44792E-14,0.102831,0.127187,0.135106,0.134876,0.134876,0.135106,0.127187,0.102831,0.102831,0.127187,0.135106,0.134876,0.134876,0.135106,0.127187,0.102831,5.49995E-5,5.49995E-05,0.999945,1.10043E-11,3.49178E-05,1.68112E-12,4.89045E-11,5.47931E-6,1.4602E-5
"Risk Neutral CM 0.25 FSM 2 DM 1 LT 1 UPC 8E-06","1.149E-08","0.4481","502","PrecLevel1",2E-07,0.9999,9.97911E-05,0.5,9.9791E-5,9.97911E-05,1,9.97911E-05,9.9991E-06,4.5,1,1.21447,0.125,0.125,0.125,0.125,0.124999,0.124999,0.125,0.125001,1,1,0.937499,0.604976,,,4.90003E-05,,,,,5.81955E-12,4.99016E-11,5.079E-5,0.523452,9.99997,9.99991,19.9999,0.00012031,9.99997,9.99991,1.25186E-05,1.4907E-5,1.3679E-5,2.85857E-5,1.37436E-05,1.07729E-05,9.7792E-05,0.000110311,8E-06,8.9792E-05,6.59998E-05,2.37923E-05,0,4.90003E-5,0.937499,5.81955E-12,4.99016E-11,9.34225E-18,0.735765,0,-1.65407E-14,0.102831,0.127187,0.135106,0.134876,0.134876,0.135106,0.127187,0.102831,0.102831,0.127187,0.135106,0.134876,0.134876,0.135106,0.127187,0.102831,9.97911E-5,9.97911E-05,0.9999,1.99662E-11,4.90003E-05,5.81955E-12,4.99016E-11,2.42043E-5,2.6587E-5
"Risk Neutral CM 0.25 FSM 2 DM 1 LT 1 UPC 8E-06","1.149E-08","0.4481","502","PrecLevel2",0.1028,0.999904,9.64945E-05,0.167256,9.6494E-5,9.64945E-05,1,9.64945E-05,9.99914E-06,1.83805,2,0.736351,0.478956,0.298962,0.148831,0.0553054,0.0147067,0.00279722,0.000396702,4.49531E-05,1,1,0.19461,0.0625013,,,7.58396E-05,,,,,6.75766E-11,4.13269E-12,2.065E-5,0.286219,9.99991,9.99997,19.9999,0.000123177,9.99991,9.99997,1.06822E-05,1.3021E-5,3.9257E-6,1.69468E-5,6.1038E-06,4.39721E-06,0.000102495,0.000113178,1.6E-05,8.64954E-05,5.45623E-06,8.10391E-05,0,7.58396E-5,0.0625011,6.75766E-11,4.13269E-12,1.35207E-17,0.0632212,0,1.50626,0.283165,0.284352,0.214216,0.125441,0.0593234,0.0234008,0.00784828,0.00225358,0.999998,2.47469E-07,2.62877E-07,2.62431E-07,2.62431E-07,2.62877E-07,2.47469E-07,2.0008E-07,9.64945E-5,9.64945E-05,0.999904,1.93066E-11,7.58396E-05,6.75766E-11,4.13269E-12,1.4743E-05,5.9118E-6
"Risk Neutral CM 0.25 FSM 2 DM 1 LT 1 UPC 8E-06","1.149E-08","0.4481","502","PrecLevel3",0.2623,0.999912,8.81195E-05,0.273895,8.8119E-5,8.81195E-05,1,8.81195E-05,9.99922E-06,2.69116,3,0.733715,0.243573,0.258804,0.227192,0.154258,0.0775051,0.0286902,0.00811439,0.00186272,1,1,0.342104,0.0625008,,,5.70118E-05,,,,,7.98485E-11,6.22402E-12,3.111E-5,0.282802,9.99992,9.99996,19.9999,0.000122487,9.99992,9.99996,1.03673E-05,1.2339E-5,5.2572E-6,1.75962E-5,7.05049E-06,6.18728E-06,0.00010212,0.000112488,2.4E-05,7.81203E-05,8.12754E-06,6.99928E-05,0,5.70118E-5,0.0625006,7.98485E-11,6.22402E-12,1.59761E-17,0.104753,0,0.59301,0.195463,0.227367,0.210387,0.161134,0.105152,0.0592804,0.0289663,0.012251,7.84409E-08,0.484904,0.515095,1.02885E-07,1.02885E-07,1.0306E-07,9.70197E-08,7.84409E-08,8.81195E-5,8.81195E-05,0.999912,1.7631E-11,5.70118E-05,7.98485E-11,6.22402E-12,2.23103E-5,8.7973E-6
"Risk Neutral CM 0.25 FSM 2 DM 1 LT 1 UPC 8E-06","1.149E-08","0.4481","502","PrecLevel4",0.1349,0.999923,7.72504E-05,0.435183,7.725E-05,7.72503E-05,1,7.72504E-05,9.99933E-06,3.98147,4,0.755081,0.0665789,0.129259,0.20009,0.231262,0.191428,0.113471,0.0502069,0.0177047,1,1,0.181097,0.0625008,,,5.95099E-05,,,,,6.64266E-11,3.54950E-12,1.774E-5,0.322867,9.99993,9.99996,19.9999,0.000117862,9.99993,9.99996,8.61205E-06,1.1212E-5,2.7277E-6,1.39395E-5,5.84764E-06,3.14875E-06,9.9251E-05,0.000107863,3.2E-05,6.7251E-05,4.11883E-06,6.31322E-05,0,5.95099E-5,0.0625005,6.64266E-11,3.54950E-12,1.32906E-17,0.0620467,0,0.0910438,0.0956372,0.140692,0.172665,0.180209,0.16108,0.123456,0.0810323,0.0452288,1.52543E-07,1.88673E-07,2.00421E-07,0.999999,2.0008E-07,2.00421E-07,1.88673E-07,1.52543E-07,7.72503E-5,7.72503E-05,0.999923,1.54563E-11,5.95099E-05,6.64266E-11,3.54950E-12,1.20126E-5,5.7278E-6
"Risk Neutral CM 0.25 FSM 2 DM 1 LT 1 UPC 8E-06","1.149E-08","0.4481","502","PrecLevel5",0.5,0.999939,6.12808E-05,0.70453,6.1281E-5,6.12808E-05,1,6.12808E-05,9.99949E-06,6.13624,5,0.831465,0.00576209,0.0178813,0.0462342,0.0953197,0.154678,0.203765,0.232119,0.24424,1,1,0.0625007,0.0625007,,,6.12807E-05,,,,,8.58274E-11,8.58618E-18,1.72E-17,0,9.99994,9.99995,19.9999,0.000107409,9.99994,9.99995,6.12808E-06,5.1754E-6,1.5086E-5,2.02615E-5,5.82252E-07,1.48975E-05,9.12813E-05,9.74094E-05,4E-05,5.12813E-05,1.25982E-05,3.86832E-05,0,6.12807E-5,0.0625004,8.58274E-11,8.58618E-18,1.71723E-17,0.249296,0,-0.645426,0.0190907,0.038668,0.0692128,0.110814,0.158939,0.200999,0.215706,0.186572,4.1149E-08,5.08952E-08,5.4064E-08,5.39721E-08,0.269752,0.270212,0.254374,0.205662,6.12808E-5,6.12808E-05,0.999939,1.22611E-11,6.12807E-05,8.58274E-11,8.58618E-18,1.7172E-17,0
"Risk Neutral CM 0.25 FSM 2 DM 1 LT 1 UPC 8E-06","1.149E-08","0.4481","502","PrecLevel6",2E-07,0.999935,6.47284E-05,0.500001,6.4728E-5,6.47284E-05,1,6.47284E-05,9.99945E-06,4.50001,6,0.499929,0.125,0.125,0.125,0.124999,0.124999,0.125,0.125,0.125001,1,1,0.0625007,0.0625007,,,6.47283E-05,,,,,9.06559E-11,9.06923E-18,1.81E-17,0,9.99994,9.99994,19.9999,0.000119201,9.99994,9.99994,6.47284E-06,7.282E-06,0,7.28198E-6,8.19243E-07,0,0.000102729,0.000109202,4.8E-05,5.4729E-05,0,5.4729E-05,0,6.47283E-5,0.0625004,9.06559E-11,9.06923E-18,1.81384E-17,0,0,-2.88556E-14,0.102831,0.127187,0.135106,0.134876,0.134876,0.135106,0.127187,0.102831,0.102831,0.127187,0.135106,0.134876,0.134876,0.135106,0.127187,0.102831,6.47284E-5,6.47284E-05,0.999935,1.29509E-11,6.47283E-05,9.06559E-11,9.06923E-18,1.8138E-17,0
"Risk Neutral CM 0.25 FSM 2 DM 1 LT 1 UPC 8E-06","1.149E-08","0.4481","502","PrecLevel7",2E-07,0.999939,6.14683E-05,0.500001,6.1468E-5,6.14683E-05,1,6.14683E-05,9.99949E-06,4.50001,7,0.308876,0.125,0.125,0.125,0.124999,0.124999,0.125,0.125,0.125001,1,1,0.0625007,0.0625007,,,6.14682E-05,,,,,8.609E-11,8.61245E-18,1.72E-17,0,9.99994,9.99994,19.9999,0.000123615,9.99994,9.99994,6.14683E-06,6.9152E-6,0,6.91521E-6,7.77981E-07,0,0.000107469,0.000113616,5.6E-05,5.14689E-05,0,5.14689E-05,0,6.14682E-5,0.0625004,8.609E-11,8.61245E-18,1.72249E-17,0,0,-1.51158E-14,0.102831,0.127187,0.135106,0.134876,0.134876,0.135106,0.127187,0.102831,0.102831,0.127187,0.135106,0.134876,0.134876,0.135106,0.127187,0.102831,6.14683E-5,6.14683E-05,0.999939,1.22986E-11,6.14682E-05,8.609E-11,8.61245E-18,1.7225E-17,0
"Risk Neutral CM 0.25 FSM 2 DM 1 LT 1 UPC 8E-06","1.149E-08","0.4481","502","Rounds1",7.4E-5,0,1,0.454221,1,1,1,1,0.134952,4.13376,3.83375,0.771584,0.161457,0.149395,0.137116,0.125404,0.113417,0.104674,0.102875,0.105663,1,1,0.184088,0.0625012,,,0.828922,,,,,1.07653E-06,3.42297E-08,0.171077,0.290938,9.03657,9.85484,18.8914,1.10858,9.03657,9.85484,0.108554,0.117083,0.130825,0.247909,0.0480027,0.134266,0.865078,0.973632,3.067E-05,0.865048,0.128854,0.736193,0,0.828922,0.0625009,1.07653E-06,3.42297E-08,2.15392E-13,0.152959,0,0.0642317,0.126111,0.15106,0.152319,0.140996,0.128665,0.117865,0.103358,0.0796253,0.133917,0.153408,0.15853,0.140619,0.121312,0.113195,0.100715,0.0783041,1,1,0,0,0.828922,1.07653E-06,3.42297E-08,0.121304,0.0497727
"Risk Neutral CM 0.25 FSM 2 DM 1 LT 1 UPC 8E-06","1.149E-08","0.4481","502","PrePrimary1",0,,,,,,,,,,,,,,,,,,,,,,,,,,,,,,,,,,,,,,,,,,,,,,,,,,,,,,,,,,,,,,,,,,,,,,,,,,,,,,,,,,,,,,
"Risk Neutral CM 0.25 FSM 2 DM 1 LT 1 UPC 8E-06","1.149E-08","0.4481","502","PrePrimary2",0,,,,,,,,,,,,,,,,,,,,,,,,,,,,,,,,,,,,,,,,,,,,,,,,,,,,,,,,,,,,,,,,,,,,,,,,,,,,,,,,,,,,,,
"Risk Neutral CM 0.25 FSM 2 DM 1 LT 1 UPC 8E-06","1.149E-08","0.4481","502","PrePrimary3",0,,,,,,,,,,,,,,,,,,,,,,,,,,,,,,,,,,,,,,,,,,,,,,,,,,,,,,,,,,,,,,,,,,,,,,,,,,,,,,,,,,,,,,
"Risk Neutral CM 0.25 FSM 2 DM 1 LT 1 UPC 8E-06","1.149E-08","0.4481","502","PrePrimary4",0,,,,,,,,,,,,,,,,,,,,,,,,,,,,,,,,,,,,,,,,,,,,,,,,,,,,,,,,,,,,,,,,,,,,,,,,,,,,,,,,,,,,,,
"Risk Neutral CM 0.25 FSM 2 DM 1 LT 1 UPC 8E-06","1.149E-08","0.4481","502","PrePrimary5",0,,,,,,,,,,,,,,,,,,,,,,,,,,,,,,,,,,,,,,,,,,,,,,,,,,,,,,,,,,,,,,,,,,,,,,,,,,,,,,,,,,,,,,
"Risk Neutral CM 0.25 FSM 2 DM 1 LT 1 UPC 8E-06","1.149E-08","0.4481","502","PrePrimary6",0,,,,,,,,,,,,,,,,,,,,,,,,,,,,,,,,,,,,,,,,,,,,,,,,,,,,,,,,,,,,,,,,,,,,,,,,,,,,,,,,,,,,,,
"Risk Neutral CM 0.25 FSM 2 DM 1 LT 1 UPC 8E-06","1.149E-08","0.4481","502","PrePrimary7",0,,,,,,,,,,,,,,,,,,,,,,,,,,,,,,,,,,,,,,,,,,,,,,,,,,,,,,,,,,,,,,,,,,,,,,,,,,,,,,,,,,,,,,
"Risk Neutral CM 0.25 FSM 2 DM 1 LT 1 UPC 8E-06","1.149E-08","0.4481","502","PrePrimary8",0,,,,,,,,,,,,,,,,,,,,,,,,,,,,,,,,,,,,,,,,,,,,,,,,,,,,,,,,,,,,,,,,,,,,,,,,,,,,,,,,,,,,,,
"Risk Neutral CM 0.25 FSM 2 DM 1 LT 1 UPC 8E-06","1.149E-08","0.4481","502","PrePrimary9",0,,,,,,,,,,,,,,,,,,,,,,,,,,,,,,,,,,,,,,,,,,,,,,,,,,,,,,,,,,,,,,,,,,,,,,,,,,,,,,,,,,,,,,
"Risk Neutral CM 0.25 FSM 2 DM 1 LT 1 UPC 8E-06","1.149E-08","0.4481","502","PrePrimary10",0,,,,,,,,,,,,,,,,,,,,,,,,,,,,,,,,,,,,,,,,,,,,,,,,,,,,,,,,,,,,,,,,,,,,,,,,,,,,,,,,,,,,,,
"Risk Neutral CM 0.25 FSM 2 DM 1 LT 1 UPC 8E-06","1.149E-08","0.4481","502","Truly Liable",1.1E-5,0,1,0.836601,1,1,1,1,0.157587,7.19281,4.34964,1.04845,0,0,4.67045E-07,0.0433096,0.157995,0.0520643,0.0558383,0.690792,1,1,0.275602,0.0625033,,,0.724626,,,,,9.98633E-07,5.50997E-08,0.275372,0.585772,9.1568,9.7294,18.8862,1.1138,9.1568,9.7294,0.113769,0.0362937,0.855299,0.891593,0.00816608,0.877794,0.842448,0.956216,3.47971E-05,0.842413,0.842413,0,0,0.724626,0.0625037,9.98633E-07,5.50997E-08,1.99807E-13,1,0,0.848226,0.00312694,0.0110309,0.0296446,0.0640611,0.120271,0.200893,0.278148,0.292824,0.0553501,0.0523146,0.161314,0.0570416,0.0513493,0.132308,0.226777,0.263545,1,1,2.0008E-07,2.0008E-07,0.724626,9.98633E-07,5.50997E-08,0.114067,0.161305
"Risk Neutral CM 0.25 FSM 2 DM 1 LT 1 UPC 8E-06","1.149E-08","0.4481","502","Truly Not Liable",6.3E-5,0,1,0.38517,1,1,1,1,0.130865,3.58136,3.7406,0.721588,0.190613,0.176373,0.161876,0.140228,0.105367,0.114174,0.111369,4.1933E-08,1,1,0.167563,0.0625008,,,0.847755,,,,,1.09059E-06,3.04609E-08,0.152243,0.194637,9.01486,9.87749,18.8924,1.10764,9.01486,9.87749,0.107612,0.131673,0,0.131673,0.0551966,0,0.869165,0.976777,2.99248E-05,0.869135,0,0.869135,0,0.847755,0.0625004,1.09059E-06,3.04609E-08,2.18206E-13,0,0,-0.0773418,0.148319,0.176346,0.174472,0.154889,0.13018,0.102872,0.071795,0.0411258,0.148105,0.171663,0.158027,0.155712,0.133946,0.109744,0.0779504,0.0448533,1,1,2.0008E-07,2.0008E-07,0.847755,1.09059E-06,3.04609E-08,0.122611,0.0296322
"Risk Neutral CM 0.25 FSM 2 DM 1 LT 1 UPC 8E-06","1.149E-08","0.4481","502","Liability Strength1",0.125,0.999904,9.57057E-05,0.0625,9.5706E-5,9.57057E-05,1,9.57057E-05,1.04071E-05,1,2.72392,0.546558,1,0,0,0,0,0,0,0,1,1,0.113575,0.0625008,,,8.81205E-05,,,,,1.05199E-10,1.51763E-12,7.585E-6,0.0462547,9.9999,9.99997,19.9999,0.000127447,9.9999,9.99997,9.94982E-06,1.0343E-5,0,1.03434E-5,1.6418E-06,0,0.00010709,0.00011704,2.17916E-05,8.52986E-05,0,8.52986E-05,0,8.81205E-5,0.0625004,1.05199E-10,1.51763E-12,2.10482E-17,0,0,0.936711,0.224523,0.243921,0.207841,0.146449,0.0898711,0.0498814,0.0255101,0.0120032,0.394013,0.326145,0.184955,0.0718391,0.019103,0.00347585,0.000432502,3.678E-05,9.57057E-5,9.57057E-05,0.999904,1.91488E-11,8.81205E-05,1.05199E-10,1.51763E-12,7.23423E-6,3.5085E-7
"Risk Neutral CM 0.25 FSM 2 DM 1 LT 1 UPC 8E-06","1.149E-08","0.4481","502","Liability Strength2",0.125,0.999911,8.85559E-05,0.1875,8.8556E-5,8.85559E-05,1,8.85559E-05,9.96462E-06,2,3.03658,0.642694,0,1,0,0,0,0,0,0,1,1,0.177987,0.0625009,,,7.37394E-05,,,,,9.28932E-11,2.96447E-12,1.482E-5,0.097135,9.99991,9.99997,19.9999,0.000122445,9.99991,9.99997,9.59641E-06,1.0059E-5,0,1.00588E-5,3.09299E-06,0,0.000102884,0.000112481,2.42928E-05,7.85913E-05,0,7.85913E-05,0,7.37394E-5,0.0625005,9.28932E-11,2.96447E-12,1.85861E-17,0,0,0.708292,0.194116,0.219715,0.199291,0.153452,0.105572,0.0669778,0.0395246,0.021351,0.245942,0.29712,0.245941,0.139472,0.0541728,0.0144053,0.00262108,0.000326143,8.85559E-5,8.85559E-05,0.999911,1.77183E-11,7.37394E-05,9.28932E-11,2.96447E-12,1.33772E-5,1.4392E-6
"Risk Neutral CM 0.25 FSM 2 DM 1 LT 1 UPC 8E-06","1.149E-08","0.4481","502","Liability Strength3",0.125,0.999919,8.12774E-05,0.3125,8.1277E-5,8.12774E-05,1,8.12774E-05,9.66983E-06,3,3.46334,0.712022,0,0,1,0,0,0,0,0,1,1,0.261225,0.062501,,,5.92184E-05,,,,,7.71824E-11,4.41357E-12,2.206E-5,0.184495,9.99992,9.99996,19.9999,0.000118215,9.99992,9.99996,9.23068E-06,1.1648E-5,1.276E-11,1.16476E-5,6.85668E-06,1.40446E-11,9.93145E-05,0.000108545,2.77069E-05,7.16076E-05,3.83354E-11,7.16075E-05,0,5.92184E-5,0.0625007,7.71824E-11,4.41357E-12,1.54427E-17,5.21009E-07,0,0.437049,0.153945,0.184877,0.182931,0.158247,0.125175,0.0924013,0.0633473,0.0390755,0.122436,0.2159,0.260828,0.215899,0.122435,0.0475554,0.0126456,0.00230091,8.12774E-5,8.12774E-05,0.999919,1.62620E-11,5.92184E-05,7.71824E-11,4.41357E-12,1.79892E-5,4.0698E-6
"Risk Neutral CM 0.25 FSM 2 DM 1 LT 1 UPC 8E-06","1.149E-08","0.4481","502","Liability Strength4",0.125,0.999926,7.43349E-05,0.4375,7.4335E-5,7.43349E-05,1,7.43349E-05,9.58129E-06,4,3.9666,0.757418,0,0,0,1,0,0,0,0,1,1,0.298758,0.0625011,,,5.09193E-05,,,,,6.52029E-11,4.68501E-12,2.342E-5,0.304442,9.99993,9.99996,19.9999,0.000114672,9.99993,9.99996,8.60427E-06,1.2922E-5,2.7946E-6,1.57168E-5,9.30747E-06,3.11643E-06,9.64866E-05,0.000105091,3.1733E-05,6.47536E-05,3.51331E-06,6.12403E-05,0,5.09193E-5,0.0625009,6.52029E-11,4.68501E-12,1.30458E-17,0.0528259,0,0.146671,0.109093,0.141948,0.157032,0.156098,0.14414,0.12449,0.0986546,0.0685447,0.0454969,0.117135,0.206553,0.249535,0.206552,0.117134,0.0454963,0.0120981,7.43349E-5,7.43349E-05,0.999926,1.48729E-11,5.09193E-05,6.52029E-11,4.68501E-12,1.62869E-5,7.1287E-6
"Risk Neutral CM 0.25 FSM 2 DM 1 LT 1 UPC 8E-06","1.149E-08","0.4481","502","Liability Strength5",0.125,0.999933,6.72296E-05,0.5625,6.723E-05,6.72296E-05,1,6.72296E-05,9.54553E-06,5,4.43188,0.797291,0,0,0,0,1,0,0,0,1,1,0.253772,0.0625012,,,4.94366E-05,,,,,6.33948E-11,3.56005E-12,1.779E-5,0.419827,9.99994,9.99995,19.9999,0.000110298,9.99994,9.99995,7.61261E-06,8.1882E-6,9.3414E-6,1.75296E-5,2.69952E-06,1.09378E-05,9.31394E-05,0.000100752,3.54553E-05,5.76841E-05,1.26377E-05,4.50464E-05,0,4.94366E-5,0.0625011,6.33948E-11,3.56005E-12,1.26841E-17,0.213079,0,-0.146644,0.0685437,0.0986539,0.12449,0.14414,0.156098,0.157032,0.141948,0.109094,0.0120983,0.0454971,0.117135,0.206553,0.249535,0.206551,0.117134,0.0454962,6.72296E-5,6.72296E-05,0.999933,1.34513E-11,4.94366E-05,6.33948E-11,3.56005E-12,1.0323E-05,7.4699E-6
"Risk Neutral CM 0.25 FSM 2 DM 1 LT 1 UPC 8E-06","1.149E-08","0.4481","502","Liability Strength6",0.125,0.999938,6.20469E-05,0.6875,6.2047E-5,6.20469E-05,1,6.20469E-05,9.68522E-06,6,4.75025,0.854501,0,0,0,0,0,1,0,0,1,1,0.171343,0.0625014,,,5.19944E-05,,,,,6.99544E-11,2.01134E-12,1.005E-5,0.521224,9.99994,9.99995,19.9999,0.000106756,9.99994,9.99995,6.70731E-06,9.0958E-6,1.8742E-6,1.09701E-5,3.95557E-06,2.24245E-06,9.03639E-05,9.70712E-05,3.80022E-05,5.23617E-05,4.15106E-06,4.82106E-05,0,5.19944E-5,0.0625012,6.99544E-11,2.01134E-12,1.39965E-17,0.0760809,0,-0.437036,0.0390753,0.0633472,0.0924017,0.125176,0.158247,0.18293,0.184877,0.153947,0.00230094,0.0126459,0.047556,0.122437,0.2159,0.260827,0.215899,0.122434,6.20469E-5,6.20469E-05,0.999938,1.24143E-11,5.19944E-05,6.99544E-11,2.01134E-12,4.81283E-6,5.2395E-6
"Risk Neutral CM 0.25 FSM 2 DM 1 LT 1 UPC 8E-06","1.149E-08","0.4481","502","Liability Strength7",0.125,0.999939,6.09805E-05,0.8125,6.0981E-5,6.09805E-05,1,6.09805E-05,1.0213E-05,7,4.91079,0.93709,0,0,0,0,0,0,1,0,1,1,0.10735,0.0625016,,,5.67078E-05,,,,,7.86788E-11,8.54938E-13,4.273E-6,0.638638,9.99994,9.99995,19.9999,0.000106579,9.99994,9.99995,6.31168E-06,6.9047E-6,2.6716E-6,9.57629E-6,8.45867E-07,3.08736E-06,9.0054E-05,9.63657E-05,3.92865E-05,5.07675E-05,4.37351E-06,4.6394E-05,0,5.67078E-5,0.0625013,7.86788E-11,8.54938E-13,1.57421E-17,0.0830223,0,-0.708298,0.021351,0.0395249,0.0669785,0.105574,0.153454,0.199291,0.219713,0.194115,0.000326146,0.00262112,0.0144054,0.0541734,0.139473,0.245942,0.29712,0.24594,6.09805E-5,6.09805E-05,0.999939,1.2201E-11,5.67078E-05,7.86788E-11,8.54938E-13,1.54395E-6,2.7286E-6
"Risk Neutral CM 0.25 FSM 2 DM 1 LT 1 UPC 8E-06","1.149E-08","0.4481","502","Liability Strength8",0.125,0.999937,6.26323E-05,0.9375,6.2632E-5,6.26322E-05,1,6.26323E-05,1.09282E-05,8,4.97297,1.03837,0,0,0,0,0,0,0,1,1,1,0.076814,0.0625017,,,6.12176E-05,,,,,8.56199E-11,2.83112E-13,1.415E-6,0.761328,9.99994,9.99995,19.9999,0.00010875,9.99994,9.99995,6.33395E-06,2.4231E-7,6.0866E-5,6.11083E-5,5.45186E-08,6.02034E-05,9.14879E-05,9.78219E-05,3.97839E-05,5.1704E-05,5.1704E-05,1.66788E-11,0,6.12176E-5,0.0625013,8.56199E-11,2.83112E-13,1.71308E-17,1,0,-0.936733,0.0120033,0.0255105,0.0498823,0.089873,0.146452,0.207843,0.243919,0.224517,3.67803E-05,0.000432509,0.00347587,0.0191032,0.0718397,0.184955,0.326144,0.394012,6.26322E-5,6.26322E-05,0.999937,1.25315E-11,6.12176E-05,8.56199E-11,2.83112E-13,3.37603E-7,1.0769E-6
"Risk Neutral CM 0.25 FSM 2 DM 1 LT 1 UPC 8E-06","1.149E-08","0.4481","502","PLiabilitySignal1",0.1028,0.999909,9.08696E-05,0.292088,9.087E-05,9.08696E-05,1,9.08696E-05,9.99919E-06,2.8367,3.02793,0.73561,0.272927,0.235964,0.187133,0.132611,0.0833205,0.0474992,0.0259541,0.0145912,1,1,0.0625011,0.0625009,,,9.08694E-05,,,,,1.27268E-10,2.04055E-17,3.59E-11,0.469554,9.99991,9.99997,19.9999,0.00012418,9.99991,9.99997,9.08696E-06,1.0184E-5,3.4032E-7,1.05244E-5,1.14576E-06,3.36067E-07,0.000105094,0.000114181,2.42236E-05,8.08704E-05,3.08117E-07,8.05623E-05,0,9.08694E-5,0.0625004,1.27268E-10,2.04055E-17,2.54638E-17,0.00379264,0,-1.50627,1,0,0,0,0,0,0,0,0.283165,0.284353,0.214217,0.12544,0.0593233,0.0234005,0.00784805,0.00225338,9.08696E-5,9.08696E-05,0.999909,1.81812E-11,9.08694E-05,1.27268E-10,2.04055E-17,1.904E-11,1.685E-11
"Risk Neutral CM 0.25 FSM 2 DM 1 LT 1 UPC 8E-06","1.149E-08","0.4481","502","PLiabilitySignal2",0.1272,0.999912,8.80032E-05,0.325693,8.8003E-5,8.80032E-05,1,8.80032E-05,9.99922E-06,3.10555,3.22332,0.740815,0.239727,0.215937,0.181698,0.139506,0.0969574,0.0622579,0.0388454,0.0250721,1,1,0.0625011,0.0625009,,,8.8003E-05,,,,,9.20119E-11,2.65921E-17,6.4E-11,0.332616,9.99991,9.99996,19.9999,0.00012259,9.99991,9.99996,8.80032E-06,9.7898E-6,9.7066E-7,1.07605E-5,1.10141E-06,9.58523E-07,0.000103791,0.000112591,2.57868E-05,7.8004E-05,8.76314E-07,7.71277E-05,0,8.8003E-05,0.0625005,9.20119E-11,2.65921E-17,1.84098E-17,0.0111695,0,-0.837045,0,1,0,0,0,0,0,0,0.2299,0.252798,0.216092,0.149198,0.0859312,0.0420859,0.01765,0.00634518,8.80032E-5,8.80032E-05,0.999912,1.76077E-11,8.8003E-05,9.20119E-11,2.65921E-17,4.2722E-11,2.129E-11
"Risk Neutral CM 0.25 FSM 2 DM 1 LT 1 UPC 8E-06","1.149E-08","0.4481","502","PLiabilitySignal3",0.1351,0.999916,8.35357E-05,0.380221,8.3536E-5,8.35357E-05,1,8.35357E-05,9.99926E-06,3.54177,3.52161,0.750581,0.192295,0.184384,0.169247,0.145286,0.115178,0.0854899,0.0619688,0.0461516,1,1,0.0625011,0.062501,,,8.35355E-05,,,,,1.16997E-10,2.87980E-17,2.87E-11,0.58028,9.99992,9.99996,19.9999,0.000120062,9.99992,9.99996,8.35357E-06,9.118E-06,2.4557E-6,1.15737E-5,1.02582E-06,2.42497E-06,0.00010171,0.000110063,2.81731E-05,7.35364E-05,2.20506E-06,7.13314E-05,0,8.35355E-5,0.0625005,1.16997E-10,2.87980E-17,2.34087E-17,0.029769,0,-0.36328,0,0,1,0,0,0,0,0,0.163043,0.203426,0.205016,0.172371,0.123246,0.0754669,0.0396191,0.0178105,8.35357E-5,8.35357E-05,0.999916,1.67138E-11,8.35355E-05,1.16997E-10,2.87980E-17,1.2037E-11,1.664E-11
"Risk Neutral CM 0.25 FSM 2 DM 1 LT 1 UPC 8E-06","1.149E-08","0.4481","502","PLiabilitySignal4",0.1349,0.999923,7.74576E-05,0.456755,7.7458E-5,7.74576E-05,1,7.74576E-05,9.99932E-06,4.15404,3.90616,0.767164,0.135726,0.142216,0.146659,0.144668,0.133585,0.11601,0.0978434,0.083293,1,1,0.361817,0.0625011,,,4.11448E-05,,,,,5.76258E-11,7.26547E-12,3.631E-5,0.200381,9.99992,9.99996,19.9999,0.000118268,9.99992,9.99996,9.56139E-06,1.1195E-5,3.5916E-6,1.47866E-5,8.22776E-06,4.10105E-06,9.87078E-05,0.000108269,3.12495E-05,6.74583E-05,4.72268E-06,6.27356E-05,0,4.11448E-5,0.0625012,5.76258E-11,7.26547E-12,1.15298E-17,0.0694961,0,-0.0910439,0,0,0,1,0,0,0,0,0.0956372,0.140692,0.172665,0.180209,0.16108,0.123456,0.0810322,0.0452287,7.74576E-5,7.74576E-05,0.999923,1.54977E-11,4.11448E-05,5.76258E-11,7.26547E-12,2.90363E-5,7.2763E-6
"Risk Neutral CM 0.25 FSM 2 DM 1 LT 1 UPC 8E-06","1.149E-08","0.4481","502","PLiabilitySignal5",0.1349,0.999929,7.06831E-05,0.543249,7.0683E-5,7.06831E-05,1,7.06831E-05,9.99939E-06,4.84599,4.29425,0.790407,0.0832904,0.0978416,0.116009,0.133585,0.144667,0.146659,0.142218,0.13573,1,1,0.32292,0.0625012,,,4.90872E-05,,,,,5.18290E-11,4.32095E-12,2.16E-05,0.285256,9.99993,9.99995,19.9999,0.000113185,9.99993,9.99995,8.1481E-06,9.6122E-6,7.6654E-6,1.72776E-5,5.57904E-06,8.25949E-06,9.5038E-05,0.000103186,3.43542E-05,6.06837E-05,8.71562E-06,5.19681E-05,0,4.90872E-5,0.0625011,5.18290E-11,4.32095E-12,1.03699E-17,0.14298,0,0.0910439,0,0,0,0,1,0,0,0,0.0452287,0.0810322,0.123456,0.16108,0.180209,0.172665,0.140692,0.0956372,7.06831E-5,7.06831E-05,0.999929,1.41423E-11,4.90872E-05,5.18290E-11,4.32095E-12,1.54355E-5,6.1603E-6
"Risk Neutral CM 0.25 FSM 2 DM 1 LT 1 UPC 8E-06","1.149E-08","0.4481","502","PLiabilitySignal6",0.1351,0.999935,6.46401E-05,0.619781,6.464E-05,6.46401E-05,1,6.46401E-05,9.99945E-06,5.45825,4.59315,0.815746,0.0461503,0.0619677,0.0854895,0.115178,0.145285,0.169247,0.184384,0.192298,1,1,0.274094,0.0625014,,,4.45134E-05,,,,,6.23437E-11,4.02699E-12,2.013E-5,0.33119,9.99994,9.99995,19.9999,0.000108856,9.99994,9.99995,7.47034E-06,8.4683E-6,1.3795E-5,2.22632E-5,5.38206E-06,1.43453E-05,9.13861E-05,9.88564E-05,3.67454E-05,5.46407E-05,1.426E-05,4.03807E-05,0,4.45134E-5,0.0625014,6.23437E-11,4.02699E-12,1.24737E-17,0.260708,0,0.36328,0,0,0,0,0,1,0,0,0.0178105,0.0396191,0.0754669,0.123246,0.172371,0.205016,0.203426,0.163043,6.46401E-5,6.46401E-05,0.999935,1.29332E-11,4.45134E-05,6.23437E-11,4.02699E-12,1.34609E-5,6.6657E-6
"Risk Neutral CM 0.25 FSM 2 DM 1 LT 1 UPC 8E-06","1.149E-08","0.4481","502","PLiabilitySignal7",0.1272,0.99994,6.02136E-05,0.674307,6.0214E-5,6.02136E-05,1,6.02136E-05,9.9995E-06,5.89446,4.77556,0.837334,0.0250715,0.038845,0.0622579,0.096958,0.139507,0.181697,0.215936,0.239727,1,1,0.197241,0.0625015,,,4.87659E-05,,,,,6.82995E-11,2.29052E-12,1.145E-5,0.424125,9.99994,9.99995,19.9999,0.000105012,9.99994,9.99995,6.59374E-06,6.0804E-6,2.1836E-5,2.7916E-05,3.11212E-06,2.2117E-05,8.84188E-05,9.50125E-05,3.82047E-05,5.02141E-05,2.06623E-05,2.95518E-05,0,4.87659E-5,0.0625014,6.82995E-11,2.29052E-12,1.36654E-17,0.411626,0,0.837045,0,0,0,0,0,0,1,0,0.00634518,0.01765,0.0420859,0.0859312,0.149198,0.216092,0.252798,0.2299,6.02136E-5,6.02136E-05,0.99994,1.20475E-11,4.87659E-05,6.82995E-11,2.29052E-12,6.59241E-6,4.8552E-6
"Risk Neutral CM 0.25 FSM 2 DM 1 LT 1 UPC 8E-06","1.149E-08","0.4481","502","PLiabilitySignal8",0.1028,0.999943,5.73743E-05,0.70791,5.7374E-5,5.73743E-05,1,5.73743E-05,9.99952E-06,6.16328,4.87142,0.852665,0.0145909,0.0259539,0.0474995,0.0833216,0.132613,0.187135,0.235964,0.272922,1,1,0.150566,0.0625016,,,5.06612E-05,,,,,7.09541E-11,1.34321E-12,6.713E-6,0.517933,9.99995,9.99995,19.9999,0.000102419,9.99995,9.99995,6.07308E-06,4.1544E-6,2.9602E-5,3.37569E-5,1.70297E-06,2.96226E-05,8.63463E-05,9.24194E-05,3.89715E-05,4.73748E-05,2.66394E-05,2.07354E-05,0,5.06612E-5,0.0625014,7.09541E-11,1.34321E-12,1.41965E-17,0.56251,0,1.50627,0,0,0,0,0,0,0,1,0.00225338,0.00784805,0.0234005,0.0593233,0.12544,0.214217,0.284353,0.283165,5.73743E-5,5.73743E-05,0.999943,1.14795E-11,5.06612E-05,7.09541E-11,1.34321E-12,3.23611E-6,3.4769E-6
"Risk Neutral CM 0.25 FSM 2 DM 1 LT 1 UPC 8E-06","1.149E-08","0.4481","502","DLiabilitySignal1",0.1028,0.999904,9.64945E-05,0.167255,9.6494E-5,9.64945E-05,1,9.64945E-05,9.99913E-06,1.83804,2,0.73635,0.478957,0.298962,0.148831,0.0553052,0.0147064,0.00279698,0.00039646,4.471E-05,1,1,0.194609,0.0625008,,,7.58396E-05,,,,,6.75767E-11,4.13261E-12,2.065E-5,0.286219,9.99991,9.99997,19.9999,0.000123177,9.99991,9.99997,1.06822E-05,1.3021E-5,3.9257E-6,1.69468E-5,6.10382E-06,4.39719E-06,0.000102496,0.000113178,1.60002E-05,8.64954E-05,5.45615E-06,8.10392E-05,0,7.58396E-5,0.0625005,6.75767E-11,4.13261E-12,1.35208E-17,0.0632202,0,1.50627,0.283165,0.284353,0.214217,0.12544,0.0593233,0.0234005,0.00784805,0.00225338,1,0,0,0,0,0,0,0,9.64945E-5,9.64945E-05,0.999904,1.93066E-11,7.58396E-05,6.75767E-11,4.13261E-12,1.4743E-05,5.9118E-6
"Risk Neutral CM 0.25 FSM 2 DM 1 LT 1 UPC 8E-06","1.149E-08","0.4481","502","DLiabilitySignal2",0.1272,0.999911,8.93709E-05,0.227647,8.9371E-5,8.93708E-05,1,8.93709E-05,9.9992E-06,2.32118,3,0.687373,0.320537,0.292011,0.212187,0.115121,0.0447147,0.0124284,0.00257606,0.000425076,1,1,0.289777,0.0625008,,,6.33941E-05,,,,,8.87872E-11,5.19741E-12,2.598E-5,0.216166,9.99991,9.99996,19.9999,0.000123607,9.99991,9.99996,1.02359E-05,1.1671E-5,2.7891E-6,1.44604E-5,5.92111E-06,3.28531E-06,0.000103372,0.000113608,2.40002E-05,7.93717E-05,4.11433E-06,7.52573E-05,0,6.33941E-5,0.0625005,8.87872E-11,5.19741E-12,1.77645E-17,0.0521614,0,0.837045,0.2299,0.252798,0.216092,0.149198,0.0859312,0.0420859,0.01765,0.00634518,0,1,0,0,0,0,0,0,8.93708E-5,8.93708E-05,0.999911,1.78813E-11,6.33941E-05,8.87872E-11,5.19741E-12,2.03614E-5,5.6153E-6
"Risk Neutral CM 0.25 FSM 2 DM 1 LT 1 UPC 8E-06","1.149E-08","0.4481","502","DLiabilitySignal3",0.1351,0.999913,8.69415E-05,0.317432,8.6941E-5,8.69415E-05,1,8.69415E-05,9.99923E-06,3.03945,3,0.77734,0.17112,0.227544,0.241317,0.191102,0.108373,0.0439988,0.0133279,0.00321591,1,1,0.392741,0.0625009,,,5.10037E-05,,,,,7.14337E-11,7.19042E-12,3.594E-5,0.328145,9.99992,9.99996,19.9999,0.000121433,9.99992,9.99996,1.0491E-05,1.2968E-5,7.5805E-6,2.05482E-5,8.1137E-06,8.91914E-06,0.000100942,0.000111433,2.40002E-05,7.69423E-05,1.19055E-05,6.50368E-05,0,5.10037E-5,0.0625005,7.14337E-11,7.19042E-12,1.42925E-17,0.155645,0,0.36328,0.163043,0.203426,0.205016,0.172371,0.123246,0.0754669,0.0396191,0.0178105,0,0,1,0,0,0,0,0,8.69415E-5,8.69415E-05,0.999913,1.73953E-11,5.10037E-05,7.14337E-11,7.19042E-12,2.41449E-5,1.1793E-5
"Risk Neutral CM 0.25 FSM 2 DM 1 LT 1 UPC 8E-06","1.149E-08","0.4481","502","DLiabilitySignal4",0.1349,0.999923,7.72504E-05,0.435183,7.725E-05,7.72503E-05,1,7.72504E-05,9.99933E-06,3.98147,4,0.755081,0.0665788,0.129259,0.20009,0.231262,0.191428,0.113471,0.0502068,0.0177046,1,1,0.181097,0.0625011,,,5.95099E-05,,,,,6.64266E-11,3.54953E-12,1.774E-5,0.322868,9.99993,9.99996,19.9999,0.000117863,9.99993,9.99996,8.61205E-06,1.1212E-5,2.7277E-6,1.39395E-5,5.84764E-06,3.14876E-06,9.92512E-05,0.000107863,3.20002E-05,6.7251E-05,4.11886E-06,6.31322E-05,0,5.95099E-5,0.0625008,6.64266E-11,3.54953E-12,1.32906E-17,0.0620471,0,0.0910439,0.0956372,0.140692,0.172665,0.180209,0.16108,0.123456,0.0810322,0.0452287,0,0,0,1,0,0,0,0,7.72503E-5,7.72503E-05,0.999923,1.54563E-11,5.95099E-05,6.64266E-11,3.54953E-12,1.20126E-5,5.7278E-6
"Risk Neutral CM 0.25 FSM 2 DM 1 LT 1 UPC 8E-06","1.149E-08","0.4481","502","DLiabilitySignal5",0.1349,0.999933,6.6644E-05,0.564819,6.6644E-5,6.6644E-05,1,6.6644E-05,9.99943E-06,5.01855,5,0.713428,0.0177042,0.0502059,0.11347,0.191427,0.231262,0.200091,0.12926,0.0665799,1,1,0.0625016,0.0625012,,,6.66438E-05,,,,,9.33387E-11,4.5772E-17,3.07E-11,0.649427,9.99993,9.99995,19.9999,0.000113309,9.99993,9.99995,6.6644E-06,7.0121E-6,4.2608E-6,1.12729E-5,7.88883E-07,4.20758E-06,9.66447E-05,0.000103309,4.00002E-05,5.66445E-05,3.60373E-06,5.30408E-05,0,6.66438E-5,0.0625009,9.33387E-11,4.5772E-17,1.86752E-17,0.0647445,0,-0.0910439,0.0452287,0.0810322,0.123456,0.16108,0.180209,0.172665,0.140692,0.0956372,0,0,0,0,1,0,0,0,6.6644E-05,6.6644E-05,0.999933,1.33341E-11,6.66438E-05,9.33387E-11,4.5772E-17,1.077E-11,1.995E-11
"Risk Neutral CM 0.25 FSM 2 DM 1 LT 1 UPC 8E-06","1.149E-08","0.4481","502","DLiabilitySignal6",0.1351,0.999938,6.20792E-05,0.68257,6.2079E-5,6.20791E-05,1,6.20792E-05,9.99948E-06,5.96056,5,0.811998,0.00321586,0.0133277,0.0439981,0.108372,0.191101,0.241317,0.227546,0.171122,1,1,0.0625017,0.0625015,,,6.2079E-05,,,,,8.69454E-11,8.90173E-17,2.1E-11,0.658097,9.99994,9.99995,19.9999,0.000108287,9.99994,9.99995,6.20791E-06,5.7353E-6,1.096E-05,1.66953E-5,6.45242E-07,1.0823E-05,9.20799E-05,9.82878E-05,4.00002E-05,5.20797E-05,9.20625E-06,4.28734E-05,0,6.2079E-05,0.0625012,8.69454E-11,8.90173E-17,1.7396E-17,0.178785,0,-0.36328,0.0178105,0.0396191,0.0754669,0.123246,0.172371,0.205016,0.203426,0.163043,0,0,0,0,0,1,0,0,6.20791E-5,6.20791E-05,0.999938,1.24208E-11,6.2079E-05,8.69454E-11,8.90173E-17,7.163E-12,1.379E-11
"Risk Neutral CM 0.25 FSM 2 DM 1 LT 1 UPC 8E-06","1.149E-08","0.4481","502","DLiabilitySignal7",0.1272,0.999941,5.86735E-05,0.772354,5.8673E-5,5.86735E-05,1,5.86735E-05,9.99951E-06,6.67883,5,0.888705,0.000425066,0.00257601,0.0124281,0.0447138,0.115119,0.212186,0.292012,0.32054,1,1,0.0625018,0.0625016,,,5.86734E-05,,,,,8.21755E-11,8.75813E-17,2.31E-11,0.739967,9.99994,9.99995,19.9999,0.000104541,9.99994,9.99995,5.86735E-06,4.3274E-6,1.9955E-5,2.42826E-5,4.86847E-07,1.97058E-05,8.86742E-05,9.45415E-05,4.00002E-05,4.8674E-05,1.66604E-05,3.20135E-05,0,5.86734E-5,0.0625012,8.21755E-11,8.75813E-17,1.64417E-17,0.344413,0,-0.837045,0.00634518,0.01765,0.0420859,0.0859312,0.149198,0.216092,0.252798,0.2299,0,0,0,0,0,0,1,0,5.86735E-5,5.86735E-05,0.999941,1.17394E-11,5.86734E-05,8.21755E-11,8.75813E-17,6.0182E-12,1.713E-11
"Risk Neutral CM 0.25 FSM 2 DM 1 LT 1 UPC 8E-06","1.149E-08","0.4481","502","DLiabilitySignal8",0.1028,0.999944,5.64224E-05,0.832746,5.6422E-5,5.64224E-05,1,5.64224E-05,9.99953E-06,7.16197,5,0.941069,4.47093E-05,0.000396454,0.00279694,0.0147062,0.0553043,0.148829,0.298962,0.47896,1,1,0.0625019,0.062502,,,5.64223E-05,,,,,7.90227E-11,1.07936E-16,5.53E-12,0.699395,9.99994,9.99995,19.9999,0.000102065,9.99994,9.99995,5.64224E-06,3.0798E-6,2.8683E-5,3.17633E-5,3.46486E-07,2.83249E-05,8.6423E-05,9.20653E-05,4.00002E-05,4.64229E-05,2.38279E-05,2.2595E-05,0,5.64223E-5,0.0625015,7.90227E-11,1.07936E-16,1.58109E-17,0.514807,0,-1.50627,0.00225338,0.00784805,0.0234005,0.0593233,0.12544,0.214217,0.284353,0.283165,0,0,0,0,0,0,0,1,5.64224E-5,5.64224E-05,0.999944,1.1289E-11,5.64223E-05,7.90227E-11,1.07936E-16,1.6633E-12,3.87E-12
"Risk Neutral CM 0.25 FSM 2 DM 1 LT 1 UPC 8E-06","1.149E-08","0.4481","502","High Quality",0.125,0.999937,6.26323E-05,0.9375,6.2632E-5,6.26322E-05,1,6.26323E-05,1.09282E-05,8,4.97297,1.03837,0,0,0,0,0,0,0,1,1,1,0.076814,0.0625017,,,6.12176E-05,,,,,8.56199E-11,2.83112E-13,1.415E-6,0.761328,9.99994,9.99995,19.9999,0.00010875,9.99994,9.99995,6.33395E-06,2.4231E-7,6.0866E-5,6.11083E-5,5.45186E-08,6.02034E-05,9.14879E-05,9.78219E-05,3.97839E-05,5.1704E-05,5.1704E-05,1.66788E-11,0,6.12176E-5,0.0625013,8.56199E-11,2.83112E-13,1.71308E-17,1,0,-0.936733,0.0120033,0.0255105,0.0498823,0.089873,0.146452,0.207843,0.243919,0.224517,3.67803E-05,0.000432509,0.00347587,0.0191032,0.0718397,0.184955,0.326144,0.394012,6.26322E-5,6.26322E-05,0.999937,1.25315E-11,6.12176E-05,8.56199E-11,2.83112E-13,3.37603E-7,1.0769E-6
"Risk Neutral CM 0.25 FSM 2 DM 1 LT 1 UPC 8E-06","1.149E-08","0.4481","502","PLiabilitySignal 1",0.1028,0.999909,9.08696E-05,0.292088,9.087E-05,9.08696E-05,1,9.08696E-05,9.99919E-06,2.8367,3.02793,0.73561,0.272927,0.235964,0.187133,0.132611,0.0833205,0.0474992,0.0259541,0.0145912,1,1,0.0625011,0.0625009,,,9.08694E-05,,,,,1.27268E-10,2.04055E-17,3.59E-11,0.469554,9.99991,9.99997,19.9999,0.00012418,9.99991,9.99997,9.08696E-06,1.0184E-5,3.4032E-7,1.05244E-5,1.14576E-06,3.36067E-07,0.000105094,0.000114181,2.42236E-05,8.08704E-05,3.08117E-07,8.05623E-05,0,9.08694E-5,0.0625004,1.27268E-10,2.04055E-17,2.54638E-17,0.00379264,0,-1.50627,1,0,0,0,0,0,0,0,0.283165,0.284353,0.214217,0.12544,0.0593233,0.0234005,0.00784805,0.00225338,9.08696E-5,9.08696E-05,0.999909,1.81812E-11,9.08694E-05,1.27268E-10,2.04055E-17,1.904E-11,1.685E-11
"Risk Neutral CM 0.25 FSM 2 DM 1 LT 1 UPC 8E-06","1.149E-08","0.4481","502","PLiabilitySignal 2",0.1272,0.999912,8.80032E-05,0.325693,8.8003E-5,8.80032E-05,1,8.80032E-05,9.99922E-06,3.10555,3.22332,0.740815,0.239727,0.215937,0.181698,0.139506,0.0969574,0.0622579,0.0388454,0.0250721,1,1,0.0625011,0.0625009,,,8.8003E-05,,,,,9.20119E-11,2.65921E-17,6.4E-11,0.332616,9.99991,9.99996,19.9999,0.00012259,9.99991,9.99996,8.80032E-06,9.7898E-6,9.7066E-7,1.07605E-5,1.10141E-06,9.58523E-07,0.000103791,0.000112591,2.57868E-05,7.8004E-05,8.76314E-07,7.71277E-05,0,8.8003E-05,0.0625005,9.20119E-11,2.65921E-17,1.84098E-17,0.0111695,0,-0.837045,0,1,0,0,0,0,0,0,0.2299,0.252798,0.216092,0.149198,0.0859312,0.0420859,0.01765,0.00634518,8.80032E-5,8.80032E-05,0.999912,1.76077E-11,8.8003E-05,9.20119E-11,2.65921E-17,4.2722E-11,2.129E-11
"Risk Neutral CM 0.25 FSM 2 DM 1 LT 1 UPC 8E-06","1.149E-08","0.4481","502","PLiabilitySignal 3",0.1351,0.999916,8.35357E-05,0.380221,8.3536E-5,8.35357E-05,1,8.35357E-05,9.99926E-06,3.54177,3.52161,0.750581,0.192295,0.184384,0.169247,0.145286,0.115178,0.0854899,0.0619688,0.0461516,1,1,0.0625011,0.062501,,,8.35355E-05,,,,,1.16997E-10,2.87980E-17,2.87E-11,0.58028,9.99992,9.99996,19.9999,0.000120062,9.99992,9.99996,8.35357E-06,9.118E-06,2.4557E-6,1.15737E-5,1.02582E-06,2.42497E-06,0.00010171,0.000110063,2.81731E-05,7.35364E-05,2.20506E-06,7.13314E-05,0,8.35355E-5,0.0625005,1.16997E-10,2.87980E-17,2.34087E-17,0.029769,0,-0.36328,0,0,1,0,0,0,0,0,0.163043,0.203426,0.205016,0.172371,0.123246,0.0754669,0.0396191,0.0178105,8.35357E-5,8.35357E-05,0.999916,1.67138E-11,8.35355E-05,1.16997E-10,2.87980E-17,1.2037E-11,1.664E-11
"Risk Neutral CM 0.25 FSM 2 DM 1 LT 1 UPC 8E-06","1.149E-08","0.4481","502","PLiabilitySignal 4",0.1349,0.999923,7.74576E-05,0.456755,7.7458E-5,7.74576E-05,1,7.74576E-05,9.99932E-06,4.15404,3.90616,0.767164,0.135726,0.142216,0.146659,0.144668,0.133585,0.11601,0.0978434,0.083293,1,1,0.361817,0.0625011,,,4.11448E-05,,,,,5.76258E-11,7.26547E-12,3.631E-5,0.200381,9.99992,9.99996,19.9999,0.000118268,9.99992,9.99996,9.56139E-06,1.1195E-5,3.5916E-6,1.47866E-5,8.22776E-06,4.10105E-06,9.87078E-05,0.000108269,3.12495E-05,6.74583E-05,4.72268E-06,6.27356E-05,0,4.11448E-5,0.0625012,5.76258E-11,7.26547E-12,1.15298E-17,0.0694961,0,-0.0910439,0,0,0,1,0,0,0,0,0.0956372,0.140692,0.172665,0.180209,0.16108,0.123456,0.0810322,0.0452287,7.74576E-5,7.74576E-05,0.999923,1.54977E-11,4.11448E-05,5.76258E-11,7.26547E-12,2.90363E-5,7.2763E-6
"Risk Neutral CM 0.25 FSM 2 DM 1 LT 1 UPC 8E-06","1.149E-08","0.4481","502","PLiabilitySignal 5",0.1349,0.999929,7.06831E-05,0.543249,7.0683E-5,7.06831E-05,1,7.06831E-05,9.99939E-06,4.84599,4.29425,0.790407,0.0832904,0.0978416,0.116009,0.133585,0.144667,0.146659,0.142218,0.13573,1,1,0.32292,0.0625012,,,4.90872E-05,,,,,5.18290E-11,4.32095E-12,2.16E-05,0.285256,9.99993,9.99995,19.9999,0.000113185,9.99993,9.99995,8.1481E-06,9.6122E-6,7.6654E-6,1.72776E-5,5.57904E-06,8.25949E-06,9.5038E-05,0.000103186,3.43542E-05,6.06837E-05,8.71562E-06,5.19681E-05,0,4.90872E-5,0.0625011,5.18290E-11,4.32095E-12,1.03699E-17,0.14298,0,0.0910439,0,0,0,0,1,0,0,0,0.0452287,0.0810322,0.123456,0.16108,0.180209,0.172665,0.140692,0.0956372,7.06831E-5,7.06831E-05,0.999929,1.41423E-11,4.90872E-05,5.18290E-11,4.32095E-12,1.54355E-5,6.1603E-6
"Risk Neutral CM 0.25 FSM 2 DM 1 LT 1 UPC 8E-06","1.149E-08","0.4481","502","PLiabilitySignal 6",0.1351,0.999935,6.46401E-05,0.619781,6.464E-05,6.46401E-05,1,6.46401E-05,9.99945E-06,5.45825,4.59315,0.815746,0.0461503,0.0619677,0.0854895,0.115178,0.145285,0.169247,0.184384,0.192298,1,1,0.274094,0.0625014,,,4.45134E-05,,,,,6.23437E-11,4.02699E-12,2.013E-5,0.33119,9.99994,9.99995,19.9999,0.000108856,9.99994,9.99995,7.47034E-06,8.4683E-6,1.3795E-5,2.22632E-5,5.38206E-06,1.43453E-05,9.13861E-05,9.88564E-05,3.67454E-05,5.46407E-05,1.426E-05,4.03807E-05,0,4.45134E-5,0.0625014,6.23437E-11,4.02699E-12,1.24737E-17,0.260708,0,0.36328,0,0,0,0,0,1,0,0,0.0178105,0.0396191,0.0754669,0.123246,0.172371,0.205016,0.203426,0.163043,6.46401E-5,6.46401E-05,0.999935,1.29332E-11,4.45134E-05,6.23437E-11,4.02699E-12,1.34609E-5,6.6657E-6
"Risk Neutral CM 0.25 FSM 2 DM 1 LT 1 UPC 8E-06","1.149E-08","0.4481","502","PLiabilitySignal 7",0.1272,0.99994,6.02136E-05,0.674307,6.0214E-5,6.02136E-05,1,6.02136E-05,9.9995E-06,5.89446,4.77556,0.837334,0.0250715,0.038845,0.0622579,0.096958,0.139507,0.181697,0.215936,0.239727,1,1,0.197241,0.0625015,,,4.87659E-05,,,,,6.82995E-11,2.29052E-12,1.145E-5,0.424125,9.99994,9.99995,19.9999,0.000105012,9.99994,9.99995,6.59374E-06,6.0804E-6,2.1836E-5,2.7916E-05,3.11212E-06,2.2117E-05,8.84188E-05,9.50125E-05,3.82047E-05,5.02141E-05,2.06623E-05,2.95518E-05,0,4.87659E-5,0.0625014,6.82995E-11,2.29052E-12,1.36654E-17,0.411626,0,0.837045,0,0,0,0,0,0,1,0,0.00634518,0.01765,0.0420859,0.0859312,0.149198,0.216092,0.252798,0.2299,6.02136E-5,6.02136E-05,0.99994,1.20475E-11,4.87659E-05,6.82995E-11,2.29052E-12,6.59241E-6,4.8552E-6
"Risk Neutral CM 0.25 FSM 2 DM 1 LT 1 UPC 8E-06","1.149E-08","0.4481","502","PLiabilitySignal 8",0.1028,0.999943,5.73743E-05,0.70791,5.7374E-5,5.73743E-05,1,5.73743E-05,9.99952E-06,6.16328,4.87142,0.852665,0.0145909,0.0259539,0.0474995,0.0833216,0.132613,0.187135,0.235964,0.272922,1,1,0.150566,0.0625016,,,5.06612E-05,,,,,7.09541E-11,1.34321E-12,6.713E-6,0.517933,9.99995,9.99995,19.9999,0.000102419,9.99995,9.99995,6.07308E-06,4.1544E-6,2.9602E-5,3.37569E-5,1.70297E-06,2.96226E-05,8.63463E-05,9.24194E-05,3.89715E-05,4.73748E-05,2.66394E-05,2.07354E-05,0,5.06612E-5,0.0625014,7.09541E-11,1.34321E-12,1.41965E-17,0.56251,0,1.50627,0,0,0,0,0,0,0,1,0.00225338,0.00784805,0.0234005,0.0593233,0.12544,0.214217,0.284353,0.283165,5.73743E-5,5.73743E-05,0.999943,1.14795E-11,5.06612E-05,7.09541E-11,1.34321E-12,3.23611E-6,3.4769E-6
"Risk Neutral CM 0.25 FSM 2 DM 1 LT 1 UPC 8E-06","1.149E-08","0.4481","502","DLiabilitySignal 1",0.1028,0.999904,9.64945E-05,0.167255,9.6494E-5,9.64945E-05,1,9.64945E-05,9.99913E-06,1.83804,2,0.73635,0.478957,0.298962,0.148831,0.0553052,0.0147064,0.00279698,0.00039646,4.471E-05,1,1,0.194609,0.0625008,,,7.58396E-05,,,,,6.75767E-11,4.13261E-12,2.065E-5,0.286219,9.99991,9.99997,19.9999,0.000123177,9.99991,9.99997,1.06822E-05,1.3021E-5,3.9257E-6,1.69468E-5,6.10382E-06,4.39719E-06,0.000102496,0.000113178,1.60002E-05,8.64954E-05,5.45615E-06,8.10392E-05,0,7.58396E-5,0.0625005,6.75767E-11,4.13261E-12,1.35208E-17,0.0632202,0,1.50627,0.283165,0.284353,0.214217,0.12544,0.0593233,0.0234005,0.00784805,0.00225338,1,0,0,0,0,0,0,0,9.64945E-5,9.64945E-05,0.999904,1.93066E-11,7.58396E-05,6.75767E-11,4.13261E-12,1.4743E-05,5.9118E-6
"Risk Neutral CM 0.25 FSM 2 DM 1 LT 1 UPC 8E-06","1.149E-08","0.4481","502","DLiabilitySignal 2",0.1272,0.999911,8.93709E-05,0.227647,8.9371E-5,8.93708E-05,1,8.93709E-05,9.9992E-06,2.32118,3,0.687373,0.320537,0.292011,0.212187,0.115121,0.0447147,0.0124284,0.00257606,0.000425076,1,1,0.289777,0.0625008,,,6.33941E-05,,,,,8.87872E-11,5.19741E-12,2.598E-5,0.216166,9.99991,9.99996,19.9999,0.000123607,9.99991,9.99996,1.02359E-05,1.1671E-5,2.7891E-6,1.44604E-5,5.92111E-06,3.28531E-06,0.000103372,0.000113608,2.40002E-05,7.93717E-05,4.11433E-06,7.52573E-05,0,6.33941E-5,0.0625005,8.87872E-11,5.19741E-12,1.77645E-17,0.0521614,0,0.837045,0.2299,0.252798,0.216092,0.149198,0.0859312,0.0420859,0.01765,0.00634518,0,1,0,0,0,0,0,0,8.93708E-5,8.93708E-05,0.999911,1.78813E-11,6.33941E-05,8.87872E-11,5.19741E-12,2.03614E-5,5.6153E-6
"Risk Neutral CM 0.25 FSM 2 DM 1 LT 1 UPC 8E-06","1.149E-08","0.4481","502","DLiabilitySignal 3",0.1351,0.999913,8.69415E-05,0.317432,8.6941E-5,8.69415E-05,1,8.69415E-05,9.99923E-06,3.03945,3,0.77734,0.17112,0.227544,0.241317,0.191102,0.108373,0.0439988,0.0133279,0.00321591,1,1,0.392741,0.0625009,,,5.10037E-05,,,,,7.14337E-11,7.19042E-12,3.594E-5,0.328145,9.99992,9.99996,19.9999,0.000121433,9.99992,9.99996,1.0491E-05,1.2968E-5,7.5805E-6,2.05482E-5,8.1137E-06,8.91914E-06,0.000100942,0.000111433,2.40002E-05,7.69423E-05,1.19055E-05,6.50368E-05,0,5.10037E-5,0.0625005,7.14337E-11,7.19042E-12,1.42925E-17,0.155645,0,0.36328,0.163043,0.203426,0.205016,0.172371,0.123246,0.0754669,0.0396191,0.0178105,0,0,1,0,0,0,0,0,8.69415E-5,8.69415E-05,0.999913,1.73953E-11,5.10037E-05,7.14337E-11,7.19042E-12,2.41449E-5,1.1793E-5
"Risk Neutral CM 0.25 FSM 2 DM 1 LT 1 UPC 8E-06","1.149E-08","0.4481","502","DLiabilitySignal 4",0.1349,0.999923,7.72504E-05,0.435183,7.725E-05,7.72503E-05,1,7.72504E-05,9.99933E-06,3.98147,4,0.755081,0.0665788,0.129259,0.20009,0.231262,0.191428,0.113471,0.0502068,0.0177046,1,1,0.181097,0.0625011,,,5.95099E-05,,,,,6.64266E-11,3.54953E-12,1.774E-5,0.322868,9.99993,9.99996,19.9999,0.000117863,9.99993,9.99996,8.61205E-06,1.1212E-5,2.7277E-6,1.39395E-5,5.84764E-06,3.14876E-06,9.92512E-05,0.000107863,3.20002E-05,6.7251E-05,4.11886E-06,6.31322E-05,0,5.95099E-5,0.0625008,6.64266E-11,3.54953E-12,1.32906E-17,0.0620471,0,0.0910439,0.0956372,0.140692,0.172665,0.180209,0.16108,0.123456,0.0810322,0.0452287,0,0,0,1,0,0,0,0,7.72503E-5,7.72503E-05,0.999923,1.54563E-11,5.95099E-05,6.64266E-11,3.54953E-12,1.20126E-5,5.7278E-6
"Risk Neutral CM 0.25 FSM 2 DM 1 LT 1 UPC 8E-06","1.149E-08","0.4481","502","DLiabilitySignal 5",0.1349,0.999933,6.6644E-05,0.564819,6.6644E-5,6.6644E-05,1,6.6644E-05,9.99943E-06,5.01855,5,0.713428,0.0177042,0.0502059,0.11347,0.191427,0.231262,0.200091,0.12926,0.0665799,1,1,0.0625016,0.0625012,,,6.66438E-05,,,,,9.33387E-11,4.5772E-17,3.07E-11,0.649427,9.99993,9.99995,19.9999,0.000113309,9.99993,9.99995,6.6644E-06,7.0121E-6,4.2608E-6,1.12729E-5,7.88883E-07,4.20758E-06,9.66447E-05,0.000103309,4.00002E-05,5.66445E-05,3.60373E-06,5.30408E-05,0,6.66438E-5,0.0625009,9.33387E-11,4.5772E-17,1.86752E-17,0.0647445,0,-0.0910439,0.0452287,0.0810322,0.123456,0.16108,0.180209,0.172665,0.140692,0.0956372,0,0,0,0,1,0,0,0,6.6644E-05,6.6644E-05,0.999933,1.33341E-11,6.66438E-05,9.33387E-11,4.5772E-17,1.077E-11,1.995E-11
"Risk Neutral CM 0.25 FSM 2 DM 1 LT 1 UPC 8E-06","1.149E-08","0.4481","502","DLiabilitySignal 6",0.1351,0.999938,6.20792E-05,0.68257,6.2079E-5,6.20791E-05,1,6.20792E-05,9.99948E-06,5.96056,5,0.811998,0.00321586,0.0133277,0.0439981,0.108372,0.191101,0.241317,0.227546,0.171122,1,1,0.0625017,0.0625015,,,6.2079E-05,,,,,8.69454E-11,8.90173E-17,2.1E-11,0.658097,9.99994,9.99995,19.9999,0.000108287,9.99994,9.99995,6.20791E-06,5.7353E-6,1.096E-05,1.66953E-5,6.45242E-07,1.0823E-05,9.20799E-05,9.82878E-05,4.00002E-05,5.20797E-05,9.20625E-06,4.28734E-05,0,6.2079E-05,0.0625012,8.69454E-11,8.90173E-17,1.7396E-17,0.178785,0,-0.36328,0.0178105,0.0396191,0.0754669,0.123246,0.172371,0.205016,0.203426,0.163043,0,0,0,0,0,1,0,0,6.20791E-5,6.20791E-05,0.999938,1.24208E-11,6.2079E-05,8.69454E-11,8.90173E-17,7.163E-12,1.379E-11
"Risk Neutral CM 0.25 FSM 2 DM 1 LT 1 UPC 8E-06","1.149E-08","0.4481","502","DLiabilitySignal 7",0.1272,0.999941,5.86735E-05,0.772354,5.8673E-5,5.86735E-05,1,5.86735E-05,9.99951E-06,6.67883,5,0.888705,0.000425066,0.00257601,0.0124281,0.0447138,0.115119,0.212186,0.292012,0.32054,1,1,0.0625018,0.0625016,,,5.86734E-05,,,,,8.21755E-11,8.75813E-17,2.31E-11,0.739967,9.99994,9.99995,19.9999,0.000104541,9.99994,9.99995,5.86735E-06,4.3274E-6,1.9955E-5,2.42826E-5,4.86847E-07,1.97058E-05,8.86742E-05,9.45415E-05,4.00002E-05,4.8674E-05,1.66604E-05,3.20135E-05,0,5.86734E-5,0.0625012,8.21755E-11,8.75813E-17,1.64417E-17,0.344413,0,-0.837045,0.00634518,0.01765,0.0420859,0.0859312,0.149198,0.216092,0.252798,0.2299,0,0,0,0,0,0,1,0,5.86735E-5,5.86735E-05,0.999941,1.17394E-11,5.86734E-05,8.21755E-11,8.75813E-17,6.0182E-12,1.713E-11
"Risk Neutral CM 0.25 FSM 2 DM 1 LT 1 UPC 8E-06","1.149E-08","0.4481","502","DLiabilitySignal 8",0.1028,0.999944,5.64224E-05,0.832746,5.6422E-5,5.64224E-05,1,5.64224E-05,9.99953E-06,7.16197,5,0.941069,4.47093E-05,0.000396454,0.00279694,0.0147062,0.0553043,0.148829,0.298962,0.47896,1,1,0.0625019,0.062502,,,5.64223E-05,,,,,7.90227E-11,1.07936E-16,5.53E-12,0.699395,9.99994,9.99995,19.9999,0.000102065,9.99994,9.99995,5.64224E-06,3.0798E-6,2.8683E-5,3.17633E-5,3.46486E-07,2.83249E-05,8.6423E-05,9.20653E-05,4.00002E-05,4.64229E-05,2.38279E-05,2.2595E-05,0,5.64223E-5,0.0625015,7.90227E-11,1.07936E-16,1.58109E-17,0.514807,0,-1.50627,0.00225338,0.00784805,0.0234005,0.0593233,0.12544,0.214217,0.284353,0.283165,0,0,0,0,0,0,0,1,5.64224E-5,5.64224E-05,0.999944,1.1289E-11,5.64223E-05,7.90227E-11,1.07936E-16,1.6633E-12,3.87E-12
"Risk Neutral CM 0.25 FSM 2 DM 1 LT 1 UPC 8E-06","1.149E-08","0.4481","502","PDoesntFile",0.9999,1,1.48261E-11,0.500004,0,0,1,1.48261E-11,2.00082E-12,4.50003,4.03206,0.785744,0.124997,0.124998,0.124999,0.125,0.125,0.125001,0.125002,0.125003,1,1,,,,,0,,,,,0,0,0,,10,9.99997,20,3.22567E-05,10,9.99997,0,0,2.268E-12,2.2678E-12,0,2.26778E-12,3.22567E-05,3.22567E-05,3.22567E-05,1.28253E-11,1.9104099999999997E-12,1.09149E-11,0,0,,0,0,0,0.152959,0,-4.75962E-06,0.102829,0.127185,0.135105,0.134876,0.134877,0.135107,0.127189,0.102833,0.102829,0.127185,0.135104,0.134876,0.134877,0.135107,0.127189,0.102833,0,0,1,0,0,0,0,0,0
"Risk Neutral CM 0.25 FSM 2 DM 1 LT 1 UPC 8E-06","1.149E-08","0.4481","502","P Files",7.4E-5,0,1,0.454221,1,1,1,1,0.134952,4.13376,3.83375,0.771584,0.161457,0.149395,0.137116,0.125404,0.113417,0.104674,0.102875,0.105663,1,1,0.184088,0.0625012,,,0.828922,,,,,1.07653E-06,3.42297E-08,0.171077,0.290938,9.03657,9.85484,18.8914,1.10858,9.03657,9.85484,0.108554,0.117084,0.130825,0.247909,0.0480029,0.134266,0.865078,0.973632,3.067E-05,0.865048,0.128854,0.736193,0,0.828922,0.0625009,1.07653E-06,3.42297E-08,2.15392E-13,0.152959,0,0.0642317,0.126111,0.15106,0.152319,0.140996,0.128665,0.117865,0.103358,0.0796253,0.133917,0.153408,0.15853,0.140619,0.121312,0.113195,0.100715,0.0783041,1,1,0,2.0008E-07,0.828922,1.07653E-06,3.42297E-08,0.121304,0.0497727
"Risk Neutral CM 0.25 FSM 2 DM 1 LT 1 UPC 8E-06","1.149E-08","0.4481","502","DDoesntAnswer",1E-11,0,1,0.454221,1,0,1,1,0.134952,4.13376,3.83375,0.771584,0.161457,0.149395,0.137116,0.125404,0.113417,0.104674,0.102875,0.105663,1,1,,,,,0,,,,,0,0,0,,9.975,8.99997,18.975,1.02503,9.975,8.99997,0.025,0.847041,0.003824,0.850865,0.847041,9.55991E-05,0.865078,0.890078,3.067E-05,0.865048,0.128854,0.736193,0,0,,0,0,0,0.152959,0,0.0642317,0.126111,0.15106,0.152319,0.140996,0.128665,0.117865,0.103358,0.0796253,0.133917,0.153408,0.15853,0.140619,0.121312,0.113195,0.100715,0.0783041,1,0,0,1,0,0,0,0,0
"Risk Neutral CM 0.25 FSM 2 DM 1 LT 1 UPC 8E-06","1.149E-08","0.4481","502","D Answers",7.4E-5,0,1,0.454221,1,1,1,1,0.134952,4.13376,3.83375,0.771584,0.161457,0.149395,0.137116,0.125404,0.113417,0.104674,0.102875,0.105663,1,1,0.184088,0.0625012,,,0.828922,,,,,1.07653E-06,3.42297E-08,0.171077,0.290938,9.03657,9.85484,18.8914,1.10858,9.03657,9.85484,0.108554,0.117083,0.130825,0.247909,0.0480027,0.134266,0.865078,0.973632,3.067E-05,0.865048,0.128854,0.736193,0,0.828922,0.0625009,1.07653E-06,3.42297E-08,2.15392E-13,0.152959,0,0.0642317,0.126111,0.15106,0.152319,0.140996,0.128665,0.117865,0.103358,0.0796253,0.133917,0.153408,0.15853,0.140619,0.121312,0.113195,0.100715,0.0783041,1,1,0,0,0.828922,1.07653E-06,3.42297E-08,0.121304,0.0497727
"Risk Neutral CM 0.25 FSM 2 DM 1 LT 1 UPC 8E-06","1.149E-08","0.4481","502","Settles1",6.1E-5,0,1,0.462269,1,1,1,1,0.138005,4.19815,4.00145,0.752204,0.179342,0.150074,0.12052,0.10363,0.100613,0.105818,0.115412,0.124591,1,1,0.0625005,0.0625012,,,1,,,,,0,0,0,,9.0125,9.88747,18.9,1.10003,9.0125,9.88747,0.1,0.0974576,0.132041,0.229499,0.0109642,0.130391,0.862027,0.962027,3.20116E-05,0.861995,0.110845,0.751151,0,1,0.0625009,0,0,0,0.133713,0,-0.464937,0.152138,0.182236,0.183756,0.0903537,0.107795,0.0979176,0.100984,0.0848195,0.126974,0.131276,0.112194,0.130683,0.146349,0.136557,0.121501,0.0944649,1,1,0,0,1,0,0,0,0
"Risk Neutral CM 0.25 FSM 2 DM 1 LT 1 UPC 8E-06","1.149E-08","0.4481","502","DoesntSettle1",1.3E-5,0,1,0.415222,1,1,1,1,0.120163,3.82178,3.02121,0.86549,0.0747981,0.146106,0.217525,0.230902,0.175458,0.0991278,0.0421332,0.0139496,1,1,0.773216,0.0625008,,,0,,,,,6.29261E-06,2.00082E-07,0.999994,0.290938,9.15322,9.69676,18.85,1.15002,9.15322,9.69676,0.15,0.212176,0.124933,0.337109,0.227465,0.153043,0.879861,1.02986,2.41697E-05,0.879837,0.216116,0.663721,0,0,,6.29261E-06,2.00082E-07,1.25903E-12,0.246208,0,2.6282,1.32361E-06,1.56551E-06,1.55266E-06,0.386375,0.229785,0.214516,0.114862,0.0544577,0.167557,0.260641,0.383037,0.188762,1.32002E-06,1.14999E-06,1.05673E-06,6.85936E-07,1,1,0,0,0,6.29261E-06,2.00082E-07,0.709058,0.290936
"Risk Neutral CM 0.25 FSM 2 DM 1 LT 1 UPC 8E-06","1.149E-08","0.4481","502","PAbandons1",8E-11,0,1,0.477316,1,1,1,1,0.13988,4.31852,4.1012,0.752885,0.164856,0.145572,0.120951,0.102178,0.0993451,0.109625,0.123297,0.134175,1,1,0.5625,0.0625002,,,0,,,,,1,0,0,,8.95,9.94997,18.9,1.10003,8.95,9.94997,0.1,0.0429054,0.148986,0.191891,0.00214527,0.156435,0.860153,0.960153,3.28096E-05,0.86012,0.117508,0.742612,0,0,,1,0,1.0004E-07,0.141891,0,-0.579826,0.16407,0.146714,0.198167,0.0974397,0.0876379,0.105597,0.108904,0.0914715,0.0871175,0.141572,0.120993,0.112321,0.157827,0.147267,0.131029,0.101873,1,1,0,0,0,1,0,0,0
"Risk Neutral CM 0.25 FSM 2 DM 1 LT 1 UPC 8E-06","1.149E-08","0.4481","502","PDoesntAbandon1",1.3E-5,0,1,0.415222,1,1,1,1,0.120163,3.82178,3.0212,0.865491,0.0747976,0.146106,0.217526,0.230903,0.175458,0.0991277,0.0421326,0.0139488,1,1,0.773218,0.0625008,,,0,,,,,0,2.00083E-07,1,0.290938,9.15322,9.69676,18.85,1.15002,9.15322,9.69676,0.15,0.212177,0.124933,0.33711,0.227467,0.153043,0.879861,1.02986,2.41696E-05,0.879837,0.216116,0.663721,0,0,,0,2.00083E-07,6.29517E-13,0.246208,0,2.62822,2.9119E-07,6.42299E-07,3.05679E-07,0.386377,0.229786,0.214517,0.114862,0.0544575,0.167557,0.260641,0.383038,0.188763,3.26878E-07,2.23299E-07,2.32219E-07,4.48873E-08,1,1,0,0,0,0,2.00083E-07,0.709062,0.290938
"Risk Neutral CM 0.25 FSM 2 DM 1 LT 1 UPC 8E-06","1.149E-08","0.4481","502","DDefaults1",3E-12,0,1,0.415227,1,1,1,1,0.120163,3.82182,3.02117,0.8655,0.0747966,0.146104,0.217523,0.230901,0.175457,0.0991291,0.0421359,0.0139534,1,1,0.773219,0.0625062,,,0,,,,,0,1,0,,9.95,8.94998,18.9,1.10002,9.95,8.94998,0.1,0.803782,0.0123109,0.816092,0.83166,0.000615546,0.879861,0.979861,2.41694E-05,0.879837,0.216126,0.663711,0,0,,0,1,3.14627E-06,0.246218,0,2.62817,8.2733E-07,1.33353E-06,1.53406E-06,0.386372,0.229784,0.214517,0.114864,0.0544598,0.167554,0.260637,0.383032,0.188761,2.43412E-06,4.74193E-06,4.39198E-06,4.37619E-06,1,1,0,0,0,0,1,0,0
"Risk Neutral CM 0.25 FSM 2 DM 1 LT 1 UPC 8E-06","1.149E-08","0.4481","502","DDoesntDefault1",1.3E-5,0,1,0.415222,1,1,1,1,0.120163,3.82178,3.0212,0.865491,0.0747976,0.146106,0.217526,0.230903,0.175458,0.0991277,0.0421326,0.0139488,1,1,0.773218,0.0625008,,,0,,,,,0,0,1,0.290938,9.15322,9.69676,18.85,1.15002,9.15322,9.69676,0.15,0.212177,0.124933,0.33711,0.227467,0.153043,0.879861,1.02986,2.41696E-05,0.879837,0.216116,0.663721,0,0,,0,0,0,0.246208,0,2.62822,2.91189E-07,6.42299E-07,3.05679E-07,0.386377,0.229786,0.214517,0.114862,0.0544575,0.167557,0.260641,0.383038,0.188763,3.26878E-07,2.23298E-07,2.32218E-07,4.48864E-08,1,1,0,0,0,0,0,0.709062,0.290938
"Risk Neutral CM 0.25 FSM 2 DM 1 LT 1 UPC 8E-06","1.149E-08","0.4481","502","POrDQuits1",8E-11,0,1,0.475402,1,1,1,1,0.139272,4.30322,4.06791,0.756355,0.162081,0.145588,0.123927,0.106145,0.101691,0.109301,0.120796,0.130471,1,1,0.568994,0.0625004,,,0,,,,,0.969183,0.0308165,0,,8.98082,9.91915,18.9,1.10003,8.98082,9.91915,0.1,0.066353,0.144774,0.211127,0.027708,0.151633,0.86076,0.96076,3.25433E-05,0.860728,0.120547,0.740181,0,0,,0.969183,0.0308165,1.93914E-07,0.145106,0,-0.480967,0.159014,0.142192,0.19206,0.106344,0.0920183,0.108953,0.109088,0.0903309,0.0895963,0.145241,0.129068,0.114677,0.152963,0.142729,0.126992,0.0987341,1,1,0,0,0,0.969183,0.0308165,0,0
"Risk Neutral CM 0.25 FSM 2 DM 1 LT 1 UPC 8E-06","1.149E-08","0.4481","502","P Loses",9E-06,0,1,0.367068,1,1,1,1,0.119503,3.43654,3.01159,0.819172,0.100609,0.18604,0.25018,0.226506,0.143564,0.0669334,0.0214722,0.00469519,1,1,0.763879,0.0625006,,,0,,,,,0,0,1,0,8.775,10.075,18.85,1.15002,8.775,10.075,0.15,0,0.176195,0.176195,0,0.215839,0.880521,1.03052,2.40927E-05,0.880497,0.126327,0.75417,0,0,,0,0,0,0.143833,0,2.50947,2.17837E-07,6.04545E-07,1.80942E-07,0.435722,0.231627,0.202339,0.0932867,0.0370238,0.168672,0.288127,0.362939,0.180262,1.61614E-07,1.07672E-07,8.5161E-08,1.90295E-08,1,1,0,0,0,0,0,1,0
"Risk Neutral CM 0.25 FSM 2 DM 1 LT 1 UPC 8E-06","1.149E-08","0.4481","502","P Wins",3.7E-6,0,1,0.532582,1,1,1,1,0.121772,4.76065,3.04463,0.978378,0.0118917,0.0487803,0.137942,0.241621,0.253188,0.17759,0.0924854,0.0365014,1,1,0.795978,0.0625014,,,0,,,,,0,0,1,1,10.075,8.77498,18.85,1.15002,10.075,8.77498,0.15,0.729286,0,0.729286,0.781839,0,0.878252,1.02825,2.43571E-05,0.878228,0.434948,0.44328,0,0,,0,0,0,0.495714,0,2.91765,4.6996E-07,7.34311E-07,6.09682E-07,0.266113,0.225298,0.244196,0.167444,0.0969462,0.164839,0.193655,0.432024,0.209479,7.29651E-07,5.05098E-07,5.90621E-07,1.07904E-07,1,1,0,0,0,0,0,0,1
